AKEBONO (EXOS-D)        
1 19822U 89016A   20128.07657792  .00028326  42993-6  48905-3 0  9995
2 19822  75.0145 118.9187 1734393   6.7238 355.4108 12.07801753 34600
HST                     
1 20580U 90037B   20127.71487907  .00000442  00000-0  15889-4 0  9994
2 20580  28.4690 235.7264 0002781   6.7649 141.3176 15.09382063449653
POLAR                   
1 23802U 96013A   20127.33659530  .00000052  00000-0  00000+0 0  9996
2 23802  78.7061 250.4043 6363252 284.6819  16.3918  1.29845897115849
SWAS                    
1 25560U 98071A   20127.74021751  .00000064  00000-0  14569-4 0  9991
2 25560  69.8971 128.5998 0006210  21.8721 338.2699 14.93863449163014
ORSTED                  
1 25635U 99008B   20127.62939578  .00000085  00000-0  27337-4 0  9997
2 25635  96.4501 161.7792 0140225 123.7306 237.7347 14.48203801118832
CXO                     
1 25867U 99040B   20129.49755612  .00000633  00000-0  00000+0 0  9994
2 25867  63.1186 268.0403 7671163 228.6376   0.1770  0.37801908 20040
XMM-NEWTON              
1 25989U 99066A   20129.66380319 -.00000332  00000-0  00000-0 0  9992
2 25989  71.1198 322.1430 7182791  93.4109 359.6991  0.50136007 26189
TERRA                   
1 25994U 99068A   20128.38076846  .00000030  00000-0  16750-4 0  9992
2 25994  98.2138 203.2339 0001235  98.6138 261.5208 14.57111259 84338
CLUSTER II-FM7 (SAMBA)  
1 26410U 00041A   20126.38253647  .00000509  00000-0  00000+0 0  9990
2 26410 131.7754 341.3264 4349612 182.0903   0.6092  0.44227721 22154
CLUSTER II-FM6 (SALSA)  
1 26411U 00041B   20126.47799581  .00000465  00000-0  00000+0 0  9994
2 26411 131.6443 342.5793 5609230 188.2347   0.7092  0.44154426 21460
CLUSTER II-FM5 (RUMBA)  
1 26463U 00045A   20126.44435299  .00000518  00000-0  00000+0 0  9994
2 26463 135.2798 342.1477 5221739 187.8316   0.6249  0.44202523 22736
CLUSTER II-FM8 (TANGO)  
1 26464U 00045B   20127.46766684  .00000483  00000-0  00000+0 0  9994
2 26464 131.7727 341.3303 4350894 182.1294 174.9908  0.44217117 58074
ODIN                    
1 26702U 01007A   20127.91886730  .00000551  00000-0  39760-4 0  9999
2 26702  97.5567 145.5873 0012164  57.1014 303.1383 15.08042148 49954
TIMED                   
1 26998U 01055B   20127.85314627  .00000104  00000-0  15311-4 0  9993
2 26998  74.0740  16.0122 0000531 193.2881 166.8286 14.88187854998301
RHESSI                  
1 27370U 02004A   20127.58628404  .00001704  00000-0  57148-4 0  9995
2 27370  38.0330  79.3754 0011962 346.5712  13.4740 15.32680032  7916
INTEGRAL                
1 27540U 02048A   20126.93281718  .00000364  00000-0  00000+0 0  9994
2 27540  53.9020 117.4841 8940403 290.1029   2.1920  0.37587901 18234
CORIOLIS                
1 27640U 03001A   20127.76553285 -.00000006  00000-0  17751-4 0  9998
2 27640  98.7278 137.8399 0014682 152.7761  20.2830 14.19036555897527
SORCE                   
1 27651U 03004A   20127.65867836  .00000025  00000-0  16785-4 0  9997
2 27651  39.9946 203.1039 0021974  84.3606 275.9688 14.89109187937968
MOST                    
1 27843U 03031D   20127.57587068 -.00000013  00000-0  14298-4 0  9992
2 27843  98.7108 135.4895 0009424 208.8288 151.2369 14.20610131873654
SCISAT 1                
1 27858U 03036A   20127.68294823  .00000016  00000-0  71933-5 0  9991
2 27858  73.9326 267.3960 0006911 129.8466 230.3318 14.77286948901486
SWIFT                   
1 28485U 04047A   20127.86736139  .00000833  00000-0  26387-4 0  9991
2 28485  20.5572 316.0025 0010984 251.0466 108.8777 15.04604831847204
FORMOSAT-3 FM6          
1 29047U 06011A   20127.88720364 -.00000141  00000-0 -39234-4 0  9993
2 29047  71.9775 194.8289 0049195 135.0039 225.5100 14.28726788735407
FORMOSAT-3 FM1          
1 29048U 06011B   20127.69506460  .00000030  00000-0  28053-4 0  9994
2 29048  71.9651 106.1813 0041836  92.0096 268.5832 14.28695328737843
FORMOSAT-3 FM5          
1 29049U 06011C   20127.69837760  .00000064  00000-0  41398-4 0  9999
2 29049  72.0199 277.5803 0033785 120.2908 240.1579 14.28778162733630
FORMOSAT-3 FM3          
1 29050U 06011D   20127.93255130  .00000098  00000-0  30992-4 0  9998
2 29050  72.0165  67.4464 0048594  38.6215 321.8396 14.58905367750276
FORMOSAT-3 FM4          
1 29051U 06011E   20127.83927297  .00000073  00000-0  44274-4 0  9999
2 29051  72.0047 179.4350 0068438 355.2693   4.7788 14.28807078736241
FORMOSAT-3 FM2          
1 29052U 06011F   20127.70203697  .00000048  00000-0  34871-4 0  9991
2 29052  72.0346 253.7893 0038709  78.0333 282.5139 14.28911396733737
CLOUDSAT                
1 29107U 06016A   20127.49623351  .00000073  00000-0  23763-4 0  9992
2 29107  98.2284  74.8994 0002377 123.3371 236.8059 14.62400912746193
CALIPSO                 
1 29108U 06016B   20127.83773951  .00000099  00000-0  29031-4 0  9995
2 29108  98.2271  75.0293 0001342  78.4727 281.6625 14.62406024746233
HINODE (SOLAR-B)        
1 29479U 06041A   20128.03538660  .00000059  00000-0  19931-4 0  9997
2 29479  98.1613 140.1285 0018086 135.8676 224.3974 14.65060428727835
SJ-6C                   
1 29505U 06046A   20127.95693474 -.00000058  00000-0 -68745-8 0  9999
2 29505  97.8189 141.8248 0004789 154.0407 206.1031 14.94846277737419
SJ-6D                   
1 29506U 06046B   20128.33501496  .00000712  00000-0  73051-4 0  9992
2 29506  97.8385 142.2922 0000594 221.6172 138.5000 14.93512809737034
AGILE                   
1 31135U 07013A   20127.53890690  .00002264  00000-0  34662-4 0  9995
2 31135   2.4665 161.4751 0012165 242.8067 117.0746 15.32280193358216
AIM                     
1 31304U 07015A   20127.92102668  .00000686  00000-0  42234-4 0  9999
2 31304  97.9126   9.1415 0006154 129.2891 230.8886 15.13549188714401
FGRST (GLAST)           
1 33053U 08029A   20127.11914360  .00000481  00000-0  10700-4 0  9995
2 33053  25.5837  28.6665 0012077 236.6642 123.2737 15.11333503656901
WISE                    
1 36119U 09071A   20127.68215326  .00000701  00000-0  26632-4 0  9993
2 36119  97.3324 164.4961 0003308 141.5479 218.5997 15.30058780577430
SDO                     
1 36395U 10005A   20127.50026166 -.00000041  00000-0  00000-0 0  9996
2 36395  30.2523 122.0093 0001603 337.9639 203.2891  1.00272767 37670
CRYOSAT 2               
1 36508U 10013A   20128.05519637 -.00000012  00000-0 -36574-5 0  9991
2 36508  92.0292  97.6741 0007278  12.1467 347.9914 14.52175924534242
X-SAT                   
1 37389U 11015C   20128.28282380 -.00000107  00000-0 -28335-4 0  9999
2 37389  98.4383 185.2284 0015086  53.9782 306.2806 14.24379619470429
GCOM-W1 (SHIZUKU)       
1 38337U 12025A   20127.72326431  .00000024  00000-0  15458-4 0  9997
2 38337  98.2069  68.3269 0002483  90.3957 330.9019 14.57109427423930
NUSTAR                  
1 38358U 12031A   20127.50703330  .00000930  00000-0  23388-4 0  9997
2 38358   6.0255 213.7391 0011744   3.2241 356.7963 14.88295359429752
NEOSSAT                 
1 39089U 13009D   20127.84202371  .00000019  00000-0  21965-4 0  9998
2 39089  98.4712 330.5296 0012365  54.8763 305.3580 14.34505364376588
IRIS                    
1 39197U 13033A   20128.06074116  .00000076  00000-0  17544-4 0  9995
2 39197  97.9581 310.6173 0027811   6.8052 353.3531 14.78721604369989
HISAKI (SPRINT-A)       
1 39253U 13049A   20127.88624878  .00000014  00000-0 -70052-4 0  9996
2 39253  29.7212  45.4623 0137163 284.8520  73.6896 13.55224177329405
CASSIOPE                
1 39265U 13055A   20128.08515421  .00004144  00000-0  11519-3 0  9991
2 39265  80.9689 357.6647 0662233  63.8148 302.9577 14.29253991341889
STSAT-3                 
1 39422U 13066G   20128.33896775  .00000361  00000-0  42955-4 0  9996
2 39422  97.5151 163.0873 0022467 334.4162  25.5953 14.89824651351019
SWARM B                 
1 39451U 13067A   20127.83812829  .00000314  00000-0  12273-4 0  9999
2 39451  87.7465 292.3023 0003312  67.5811 292.5785 15.21724818343635
SWARM A                 
1 39452U 13067B   20127.92372577  .00000982  00000-0  20194-4 0  9993
2 39452  87.3605 145.8333 0002907 103.5937 256.5644 15.44493403362771
SWARM C                 
1 39453U 13067C   20127.85885040  .00000969  00000-0  19921-4 0  9991
2 39453  87.3459 146.8979 0002895 103.5273 256.6308 15.44492701362728
BRITE-CA1 (TORONTO)     
1 40020U 14033L   20128.06856907  .00000092  00000-0  24106-4 0  9999
2 40020  97.7320 318.6503 0086761 203.9264 155.7898 14.66641724314693
OCO 2                   
1 40059U 14035A   20128.12072571  .00000018  00000-0  14099-4 0  9995
2 40059  98.2069  69.4550 0001428  80.6280 279.5080 14.57110192311010
BRITE-PL2 (HEWELIUSZ)   
1 40119U 14049B   20127.66425509  .00000093  00000-0  17541-4 0  9996
2 40119  97.8929 220.3000 0016131 243.3899 116.5663 14.84496679309499
RESURS P2               
1 40360U 14087A   20128.20644712  .00000499  00000-0  17731-4 0  9997
2 40360  97.2437 217.8092 0008601 343.9506  99.6779 15.33508735299996
MMS 1                   
1 40482U 15011A   20126.99175926 -.00000001  00000-0  00000+0 0  9996
2 40482  27.1082 120.2784 8673453  20.1854  30.6309  0.28653008 11094
MMS 2                   
1 40483U 15011B   20126.99552083 -.00000002  00000-0  00000+0 0  9991
2 40483  27.1037 120.2759 8671096  20.1899  31.0161  0.28652668 11077
MMS 3                   
1 40484U 15011C   20126.99898148 -.00000002  00000-0  00000+0 0  9997
2 40484  27.1084 120.2618 8671820  20.2037  31.3659  0.28671221 11075
MMS 4                   
1 40485U 15011D   20126.99940972 -.00000002  00000-0  00000+0 0  9991
2 40485  27.1062 120.2880 8672462  20.1891  31.3834  0.28652693 11070
ASTROSAT                
1 40930U 15052A   20127.95476827  .00000732  00000-0  13748-4 0  9998
2 40930   5.9967 278.1122 0008082  38.3117 321.7584 14.76311454249076
DAMPE                   
1 41173U 15078A   20128.33173549  .00000054  00000-0  51414-5 0  9994
2 41173  97.3236 123.2879 0014978  41.8407  64.8690 15.23869657244132
PISAT                   
1 41784U 16059B   20127.72457559  .00000089  00000-0  26010-4 0  9991
2 41784  98.0222 185.3435 0033348  85.4731 275.0280 14.63508903192800
HXMT (HUIYAN)           
1 42758U 17034A   20128.41106678  .00000203  00000-0  26410-4 0  9999
2 42758  43.0187 261.1450 0009545 131.8633 284.7938 15.08816245159677
FLYING LAPTOP           
1 42831U 17042G   20127.85779778  .00000009  00000-0  62787-5 0  9996
2 42831  97.5269  11.7046 0015618  66.3894 293.8963 14.91116419153099
PICSAT                  
1 43132U 18004X   20128.09076054  .00001216  00000-0  52643-4 0  9994
2 43132  97.4490 199.6825 0009273 188.9152 171.1923 15.24323381128752
ZHANGZHENG-1 (CSES)     
1 43194U 18015C   20128.11541667  .00000896  00000-0  43623-4 0  9995
2 43194  97.4289 253.7153 0013744 255.0198  88.6602 15.20870524125379
ICON                    
1 44628U 19068A   20127.87826007  .00000532  00000-0  31859-4 0  9998
2 44628  26.9937 304.7181 0019115 238.1270 121.7433 14.91682405 31203
