#Photon    Coherent Incoher. Photoel. 
#Energy    Scatter. Scatter. Absorb.  
#
1.000E-03 1.130E+00 1.615E-02 2.747E+03 
1.028E-03 1.123E+00 1.695E-02 2.548E+03 
1.056E-03 1.117E+00 1.776E-02 2.368E+03 
1.086E-03 1.111E+00 1.865E-02 2.194E+03 
1.116E-03 1.104E+00 1.955E-02 2.037E+03 
1.147E-03 1.098E+00 2.051E-02 1.891E+03 
1.178E-03 1.091E+00 2.147E-02 1.758E+03 
1.211E-03 1.084E+00 2.252E-02 1.630E+03 
1.245E-03 1.077E+00 2.361E-02 1.511E+03 
1.279E-03 1.070E+00 2.471E-02 1.403E+03 
1.315E-03 1.063E+00 2.590E-02 1.300E+03 
1.351E-03 1.055E+00 2.710E-02 1.207E+03 
1.389E-03 1.047E+00 2.837E-02 1.118E+03 
1.427E-03 1.039E+00 2.966E-02 1.037E+03 
1.467E-03 1.030E+00 3.102E-02 9.601E+02 
1.507E-03 1.021E+00 3.240E-02 8.907E+02 
1.549E-03 1.011E+00 3.384E-02 8.246E+02 
1.592E-03 1.001E+00 3.533E-02 7.635E+02 
1.636E-03 9.911E-01 3.685E-02 7.069E+02 
1.682E-03 9.803E-01 3.845E-02 6.536E+02 
1.728E-03 9.694E-01 4.005E-02 6.053E+02 
1.776E-03 9.581E-01 4.171E-02 5.599E+02 
1.825E-03 9.464E-01 4.341E-02 5.180E+02 
1.876E-03 9.343E-01 4.518E-02 4.787E+02 
1.928E-03 9.219E-01 4.698E-02 4.426E+02 
1.981E-03 9.094E-01 4.880E-02 4.094E+02 
2.036E-03 8.964E-01 5.069E-02 3.783E+02 
2.093E-03 8.830E-01 5.263E-02 3.494E+02 
2.151E-03 8.695E-01 5.459E-02 3.228E+02 
2.211E-03 8.557E-01 5.661E-02 2.981E+02 
2.272E-03 8.417E-01 5.864E-02 2.754E+02 
2.335E-03 8.275E-01 6.072E-02 2.543E+02 
2.400E-03 8.130E-01 6.284E-02 2.348E+02 
2.466E-03 7.985E-01 6.496E-02 2.169E+02 
2.535E-03 7.835E-01 6.716E-02 2.001E+02 
2.605E-03 7.686E-01 6.935E-02 1.847E+02 
2.677E-03 7.535E-01 7.157E-02 1.705E+02 
2.751E-03 7.383E-01 7.381E-02 1.573E+02 
2.828E-03 7.228E-01 7.611E-02 1.450E+02 
2.906E-03 7.074E-01 7.838E-02 1.338E+02 
2.987E-03 6.917E-01 8.070E-02 1.234E+02 
3.070E-03 6.761E-01 8.301E-02 1.137E+02 
3.155E-03 6.605E-01 8.533E-02 1.049E+02 
3.242E-03 6.449E-01 8.764E-02 9.670E+01 
3.332E-03 6.292E-01 8.997E-02 8.912E+01 
3.424E-03 6.137E-01 9.229E-02 8.215E+01 
3.519E-03 5.981E-01 9.462E-02 7.569E+01 
3.617E-03 5.826E-01 9.695E-02 6.970E+01 
3.717E-03 5.673E-01 9.925E-02 6.422E+01 
3.820E-03 5.521E-01 1.015E-01 5.915E+01 
3.926E-03 5.370E-01 1.038E-01 5.446E+01 
4.035E-03 5.220E-01 1.061E-01 5.014E+01 
4.147E-03 5.073E-01 1.083E-01 4.616E+01 
4.262E-03 4.927E-01 1.106E-01 4.249E+01 
4.380E-03 4.784E-01 1.127E-01 3.911E+01 
4.502E-03 4.643E-01 1.149E-01 3.598E+01 
4.627E-03 4.504E-01 1.170E-01 3.310E+01 
4.755E-03 4.369E-01 1.191E-01 3.046E+01 
4.887E-03 4.235E-01 1.212E-01 2.802E+01 
5.022E-03 4.105E-01 1.232E-01 2.578E+01 
5.162E-03 3.977E-01 1.253E-01 2.369E+01 
5.305E-03 3.853E-01 1.272E-01 2.179E+01 
5.452E-03 3.731E-01 1.291E-01 2.003E+01 
5.603E-03 3.613E-01 1.310E-01 1.842E+01 
5.758E-03 3.497E-01 1.329E-01 1.693E+01 
5.918E-03 3.385E-01 1.347E-01 1.556E+01 
6.082E-03 3.275E-01 1.364E-01 1.430E+01 
6.251E-03 3.168E-01 1.382E-01 1.314E+01 
6.424E-03 3.065E-01 1.399E-01 1.207E+01 
6.602E-03 2.964E-01 1.415E-01 1.109E+01 
6.785E-03 2.867E-01 1.431E-01 1.019E+01 
6.974E-03 2.772E-01 1.447E-01 9.351E+00 
7.167E-03 2.680E-01 1.463E-01 8.588E+00 
7.366E-03 2.591E-01 1.478E-01 7.885E+00 
7.570E-03 2.504E-01 1.492E-01 7.240E+00 
7.780E-03 2.421E-01 1.507E-01 6.647E+00 
7.996E-03 2.340E-01 1.521E-01 6.100E+00 
8.217E-03 2.261E-01 1.535E-01 5.600E+00 
8.445E-03 2.186E-01 1.548E-01 5.139E+00 
8.680E-03 2.112E-01 1.561E-01 4.715E+00 
8.920E-03 2.041E-01 1.574E-01 4.327E+00 
9.168E-03 1.972E-01 1.587E-01 3.969E+00 
9.422E-03 1.906E-01 1.599E-01 3.641E+00 
9.683E-03 1.841E-01 1.611E-01 3.340E+00 
9.952E-03 1.779E-01 1.623E-01 3.062E+00 
1.023E-02 1.718E-01 1.634E-01 2.808E+00 
1.051E-02 1.660E-01 1.645E-01 2.575E+00 
1.080E-02 1.603E-01 1.656E-01 2.361E+00 
1.110E-02 1.548E-01 1.667E-01 2.165E+00 
1.141E-02 1.495E-01 1.678E-01 1.984E+00 
1.173E-02 1.443E-01 1.688E-01 1.818E+00 
1.205E-02 1.393E-01 1.698E-01 1.667E+00 
1.239E-02 1.345E-01 1.708E-01 1.527E+00 
1.273E-02 1.297E-01 1.718E-01 1.399E+00 
1.308E-02 1.251E-01 1.727E-01 1.282E+00 
1.344E-02 1.207E-01 1.736E-01 1.175E+00 
1.382E-02 1.164E-01 1.745E-01 1.076E+00 
1.420E-02 1.122E-01 1.754E-01 9.858E-01 
1.459E-02 1.081E-01 1.762E-01 9.028E-01 
1.500E-02 1.042E-01 1.771E-01 8.268E-01 
