0.001000
0.001028
0.001056
0.001086
0.001116
0.001147
0.001178
0.001211
0.001245
0.001279
0.001315
0.001351
0.001389
0.001427
0.001467
0.001507
0.001549
0.001592
0.001636
0.001682
0.001728
0.001776
0.001825
0.001876
0.001928
0.001981
0.002036
0.002093
0.002151
0.002211
0.002272
0.002335
0.002400
0.002466
0.002535
0.002605
0.002677
0.002751
0.002828
0.002906
0.002987
0.003070
0.003155
0.003242
0.003332
0.003424
0.003519
0.003617
0.003717
0.003820
0.003926
0.004035
0.004147
0.004262
0.004380
0.004502
0.004627
0.004755
0.004887
0.005022
0.005162
0.005305
0.005452
0.005603
0.005758
0.005918
0.006082
0.006251
0.006424
0.006602
0.006785
0.006974
0.007167
0.007366
0.007570
0.007780
0.007996
0.008217
0.008445
0.008680
0.008920
0.009168
0.009422
0.009683
0.009952
0.010228
0.010511
0.010803
0.011102
0.011410
0.011727
0.012052
0.012386
0.012730
0.013083
0.013445
0.013818
0.014201
0.014595
0.015000
