1.00000e-01   0.00000e+00
1.59759e-01   0.00000e+00
2.19518e-01   8.53526e-03
2.79277e-01   2.36762e-02
3.39036e-01   4.15967e-02
3.98795e-01   6.01242e-02
4.58554e-01   7.74709e-02
5.18313e-01   9.24767e-02
5.78072e-01   1.04039e-01
6.37831e-01   1.11066e-01
6.97590e-01   1.13256e-01
7.57349e-01   1.11655e-01
8.17108e-01   1.07439e-01
8.76867e-01   1.01784e-01
9.36627e-01   9.55581e-02
9.96386e-01   8.90951e-02
1.05614e+00   8.26713e-02
1.11590e+00   7.65625e-02
1.17566e+00   7.09449e-02
1.23542e+00   6.58096e-02
1.29518e+00   6.11277e-02
1.35494e+00   5.68701e-02
1.41470e+00   5.30080e-02
1.47446e+00   4.95124e-02
1.53422e+00   4.63542e-02
1.59398e+00   4.35046e-02
1.65373e+00   4.09344e-02
1.71349e+00   3.86149e-02
1.77325e+00   3.65169e-02
1.83301e+00   3.46115e-02
1.89277e+00   3.28698e-02
1.95253e+00   3.12628e-02
2.01229e+00   2.97614e-02
2.07205e+00   2.83398e-02
2.13181e+00   2.69892e-02
2.19157e+00   2.57076e-02
2.25133e+00   2.44927e-02
2.31108e+00   2.33423e-02
2.37084e+00   2.22544e-02
2.43060e+00   2.12267e-02
2.49036e+00   2.02570e-02
2.55012e+00   1.93432e-02
2.60988e+00   1.84831e-02
2.66964e+00   1.76745e-02
2.72940e+00   1.69152e-02
2.78916e+00   1.62032e-02
2.84892e+00   1.55361e-02
2.90867e+00   1.49118e-02
2.96843e+00   1.43282e-02
3.02819e+00   1.37831e-02
3.08795e+00   1.32742e-02
3.14771e+00   1.27995e-02
3.20747e+00   1.23567e-02
3.26723e+00   1.19437e-02
3.32699e+00   1.15583e-02
3.38675e+00   1.11983e-02
3.44651e+00   1.08615e-02
3.50627e+00   1.05459e-02
3.56602e+00   1.02491e-02
3.62578e+00   9.96905e-03
3.68554e+00   9.70354e-03
3.74530e+00   9.45041e-03
3.80506e+00   9.20747e-03
3.86482e+00   8.97256e-03
3.92458e+00   8.74393e-03
3.98434e+00   8.52123e-03
4.04410e+00   8.30437e-03
4.10386e+00   8.09325e-03
4.16361e+00   7.88779e-03
4.22337e+00   7.68790e-03
4.28313e+00   7.49350e-03
4.34289e+00   7.30448e-03
4.40265e+00   7.12076e-03
4.46241e+00   6.94225e-03
4.52217e+00   6.76887e-03
4.58193e+00   6.60051e-03
4.64169e+00   6.43710e-03
4.70145e+00   6.27855e-03
4.76120e+00   6.12475e-03
4.82096e+00   5.97564e-03
4.88072e+00   5.83110e-03
4.94048e+00   5.69107e-03
5.00024e+00   5.55543e-03
5.06000e+00   5.42412e-03
5.11976e+00   5.29703e-03
5.17952e+00   5.17408e-03
5.23928e+00   5.05518e-03
5.29904e+00   4.94024e-03
5.35880e+00   4.82917e-03
5.41855e+00   4.72188e-03
5.47831e+00   4.61828e-03
5.53807e+00   4.51828e-03
5.59783e+00   4.42179e-03
5.65759e+00   4.32872e-03
5.71735e+00   4.23899e-03
5.77711e+00   4.15250e-03
5.83687e+00   4.06916e-03
5.89663e+00   3.98889e-03
5.95639e+00   3.91160e-03
6.01614e+00   3.83719e-03
6.07590e+00   3.76557e-03
6.13566e+00   3.69666e-03
6.19542e+00   3.63037e-03
6.25518e+00   3.56661e-03
6.31494e+00   3.50529e-03
6.37470e+00   3.44632e-03
6.43446e+00   3.38960e-03
6.49422e+00   3.33506e-03
6.55398e+00   3.28259e-03
6.61373e+00   3.23212e-03
6.67349e+00   3.18355e-03
6.73325e+00   3.13679e-03
6.79301e+00   3.09176e-03
6.85277e+00   3.04836e-03
6.91253e+00   3.00650e-03
6.97229e+00   2.96610e-03
7.03205e+00   2.92706e-03
7.09181e+00   2.88930e-03
7.15157e+00   2.85273e-03
7.21133e+00   2.81725e-03
7.27108e+00   2.78278e-03
7.33084e+00   2.74923e-03
7.39060e+00   2.71650e-03
7.45036e+00   2.68452e-03
7.51012e+00   2.65318e-03
7.56988e+00   2.62241e-03
7.62964e+00   2.59211e-03
7.68940e+00   2.56227e-03
7.74916e+00   2.53287e-03
7.80892e+00   2.50392e-03
7.86867e+00   2.47540e-03
7.92843e+00   2.44731e-03
7.98819e+00   2.41964e-03
8.04795e+00   2.39240e-03
8.10771e+00   2.36557e-03
8.16747e+00   2.33915e-03
8.22723e+00   2.31314e-03
8.28699e+00   2.28752e-03
8.34675e+00   2.26230e-03
8.40651e+00   2.23747e-03
8.46627e+00   2.21303e-03
8.52602e+00   2.18896e-03
8.58578e+00   2.16526e-03
8.64554e+00   2.14194e-03
8.70530e+00   2.11898e-03
8.76506e+00   2.09638e-03
8.82482e+00   2.07413e-03
8.88458e+00   2.05223e-03
8.94434e+00   2.03067e-03
9.00410e+00   2.00945e-03
9.06386e+00   1.98856e-03
9.12361e+00   1.96800e-03
9.18337e+00   1.94776e-03
9.24313e+00   1.92784e-03
9.30289e+00   1.90823e-03
9.36265e+00   1.88892e-03
9.42241e+00   1.86992e-03
9.48217e+00   1.85122e-03
9.54193e+00   1.83280e-03
9.60169e+00   1.81467e-03
9.66145e+00   1.79682e-03
9.72120e+00   1.77925e-03
9.78096e+00   1.76195e-03
9.84072e+00   1.74491e-03
9.90048e+00   1.72814e-03
9.96024e+00   1.71162e-03
1.00200e+01   1.69534e-03
1.00798e+01   1.67932e-03
1.01395e+01   1.66353e-03
1.01993e+01   1.64798e-03
1.02590e+01   1.63265e-03
1.03188e+01   1.61755e-03
1.03786e+01   1.60267e-03
1.04383e+01   1.58800e-03
1.04981e+01   1.57354e-03
1.05578e+01   1.55929e-03
1.06176e+01   1.54523e-03
1.06773e+01   1.53136e-03
1.07371e+01   1.51769e-03
1.07969e+01   1.50419e-03
1.08566e+01   1.49087e-03
1.09164e+01   1.47773e-03
1.09761e+01   1.46475e-03
1.10359e+01   1.45193e-03
1.10957e+01   1.43927e-03
1.11554e+01   1.42676e-03
1.12152e+01   1.41440e-03
1.12749e+01   1.40218e-03
1.13347e+01   1.39010e-03
1.13945e+01   1.37814e-03
1.14542e+01   1.36631e-03
1.15140e+01   1.35461e-03
1.15737e+01   1.34301e-03
1.16335e+01   1.33153e-03
1.16933e+01   1.32015e-03
1.17530e+01   1.30888e-03
1.18128e+01   1.29769e-03
1.18725e+01   1.28660e-03
1.19323e+01   1.27559e-03
1.19920e+01   1.26466e-03
1.20518e+01   1.25380e-03
1.21116e+01   1.24302e-03
1.21713e+01   1.23229e-03
1.22311e+01   1.22163e-03
1.22908e+01   1.21102e-03
1.23506e+01   1.20045e-03
1.24104e+01   1.18993e-03
1.24701e+01   1.17945e-03
1.25299e+01   1.16900e-03
1.25896e+01   1.15858e-03
1.26494e+01   1.14817e-03
1.27092e+01   1.13779e-03
1.27689e+01   1.12742e-03
1.28287e+01   1.11705e-03
1.28884e+01   1.10669e-03
1.29482e+01   1.09632e-03
1.30080e+01   1.08595e-03
1.30677e+01   1.07556e-03
1.31275e+01   1.06515e-03
1.31872e+01   1.05472e-03
1.32470e+01   1.04425e-03
1.33067e+01   1.03376e-03
1.33665e+01   1.02322e-03
1.34263e+01   1.01264e-03
1.34860e+01   1.00201e-03
1.35458e+01   9.91319e-04
1.36055e+01   9.80571e-04
1.36653e+01   9.69758e-04
1.37251e+01   9.58874e-04
1.37848e+01   9.47914e-04
1.38446e+01   9.36872e-04
1.39043e+01   9.25745e-04
1.39641e+01   9.14525e-04
1.40239e+01   9.03210e-04
1.40836e+01   8.91792e-04
1.41434e+01   8.80267e-04
1.42031e+01   8.68631e-04
1.42629e+01   8.56876e-04
1.43227e+01   8.45000e-04
1.43824e+01   8.32995e-04
1.44422e+01   8.20858e-04
1.45019e+01   8.08583e-04
1.45617e+01   7.96165e-04
1.46214e+01   7.83598e-04
1.46812e+01   7.70877e-04
1.47410e+01   7.57998e-04
1.48007e+01   7.44955e-04
1.48605e+01   7.31744e-04
1.49202e+01   7.18357e-04
1.49800e+01   7.04792e-04
