1.00000e-02   1.00024e-03
7.01205e-02   1.00124e-03
1.30241e-01   1.00224e-03
1.90361e-01   1.00324e-03
2.50482e-01   3.31197e-03
3.10602e-01   8.49553e-03
3.70723e-01   3.45420e-02
4.30843e-01   7.44359e-02
4.90964e-01   1.17703e-01
5.51084e-01   1.51569e-01
6.11205e-01   1.67381e-01
6.71325e-01   1.73794e-01
7.31446e-01   1.75723e-01
7.91566e-01   1.83653e-01
8.51687e-01   1.86242e-01
9.11807e-01   1.89298e-01
9.71928e-01   1.90786e-01
1.03205e+00   1.60261e-01
1.09217e+00   1.54544e-01
1.15229e+00   1.49877e-01
1.21241e+00   1.45903e-01
1.27253e+00   1.42266e-01
1.33265e+00   1.38611e-01
1.39277e+00   1.34581e-01
1.45289e+00   1.29821e-01
1.51301e+00   1.24043e-01
1.57313e+00   1.17357e-01
1.63325e+00   1.10012e-01
1.69337e+00   1.02258e-01
1.75349e+00   9.43443e-02
1.81361e+00   8.65207e-02
1.87373e+00   7.90366e-02
1.93386e+00   7.21331e-02
1.99398e+00   6.59010e-02
2.05410e+00   6.03036e-02
2.11422e+00   5.53005e-02
2.17434e+00   5.08509e-02
2.23446e+00   4.69143e-02
2.29458e+00   4.34500e-02
2.35470e+00   4.04174e-02
2.41482e+00   3.77760e-02
2.47494e+00   3.54852e-02
2.53506e+00   3.35042e-02
2.59518e+00   3.17926e-02
2.65530e+00   3.03096e-02
2.71542e+00   2.90148e-02
2.77554e+00   2.78675e-02
2.83566e+00   2.68270e-02
2.89578e+00   2.58541e-02
2.95590e+00   2.49302e-02
3.01602e+00   2.40523e-02
3.07614e+00   2.32183e-02
3.13627e+00   2.24259e-02
3.19639e+00   2.16726e-02
3.25651e+00   2.09562e-02
3.31663e+00   2.02745e-02
3.37675e+00   1.96250e-02
3.43687e+00   1.90054e-02
3.49699e+00   1.84135e-02
3.55711e+00   1.78470e-02
3.61723e+00   1.73034e-02
3.67735e+00   1.67806e-02
3.73747e+00   1.62762e-02
3.79759e+00   1.57879e-02
3.85771e+00   1.53141e-02
3.91783e+00   1.48545e-02
3.97795e+00   1.44087e-02
4.03807e+00   1.39767e-02
4.09819e+00   1.35581e-02
4.15831e+00   1.31528e-02
4.21843e+00   1.27604e-02
4.27855e+00   1.23808e-02
4.33867e+00   1.20137e-02
4.39880e+00   1.16589e-02
4.45892e+00   1.13161e-02
4.51904e+00   1.09852e-02
4.57916e+00   1.06659e-02
4.63928e+00   1.03579e-02
4.69940e+00   1.00611e-02
4.75952e+00   9.77509e-03
4.81964e+00   9.49979e-03
4.87976e+00   9.23492e-03
4.93988e+00   8.98024e-03
5.00000e+00   8.73551e-03
5.06012e+00   8.50052e-03
5.12024e+00   8.27502e-03
5.18036e+00   8.05877e-03
5.24048e+00   7.85156e-03
5.30060e+00   7.65314e-03
5.36072e+00   7.46328e-03
5.42084e+00   7.28174e-03
5.48096e+00   7.10831e-03
5.54108e+00   6.94273e-03
5.60120e+00   6.78479e-03
5.66133e+00   6.63424e-03
5.72145e+00   6.49085e-03
5.78157e+00   6.35439e-03
5.84169e+00   6.22463e-03
5.90181e+00   6.10134e-03
5.96193e+00   5.98427e-03
6.02205e+00   5.87320e-03
6.08217e+00   5.76790e-03
6.14229e+00   5.66813e-03
6.20241e+00   5.57366e-03
6.26253e+00   5.48425e-03
6.32265e+00   5.39968e-03
6.38277e+00   5.31970e-03
6.44289e+00   5.24409e-03
6.50301e+00   5.17262e-03
6.56313e+00   5.10504e-03
6.62325e+00   5.04113e-03
6.68337e+00   4.98066e-03
6.74349e+00   4.92339e-03
6.80361e+00   4.86909e-03
6.86373e+00   4.81752e-03
6.92386e+00   4.76845e-03
6.98398e+00   4.72165e-03
7.04410e+00   4.67689e-03
7.10422e+00   4.63393e-03
7.16434e+00   4.59255e-03
7.22446e+00   4.55250e-03
7.28458e+00   4.51355e-03
7.34470e+00   4.47547e-03
7.40482e+00   4.43803e-03
7.46494e+00   4.40100e-03
7.52506e+00   4.36414e-03
7.58518e+00   4.32733e-03
7.64530e+00   4.29056e-03
7.70542e+00   4.25383e-03
7.76554e+00   4.21715e-03
7.82566e+00   4.18053e-03
7.88578e+00   4.14396e-03
7.94590e+00   4.10745e-03
8.00602e+00   4.07101e-03
8.06614e+00   4.03464e-03
8.12627e+00   3.99834e-03
8.18639e+00   3.96212e-03
8.24651e+00   3.92598e-03
8.30663e+00   3.88992e-03
8.36675e+00   3.85395e-03
8.42687e+00   3.81808e-03
8.48699e+00   3.78230e-03
8.54711e+00   3.74662e-03
8.60723e+00   3.71104e-03
8.66735e+00   3.67557e-03
8.72747e+00   3.64022e-03
8.78759e+00   3.60498e-03
8.84771e+00   3.56986e-03
8.90783e+00   3.53487e-03
8.96795e+00   3.50000e-03
9.02807e+00   3.46527e-03
9.08819e+00   3.43067e-03
9.14831e+00   3.39621e-03
9.20843e+00   3.36189e-03
9.26855e+00   3.32772e-03
9.32867e+00   3.29370e-03
9.38880e+00   3.25984e-03
9.44892e+00   3.22614e-03
9.50904e+00   3.19260e-03
9.56916e+00   3.15922e-03
9.62928e+00   3.12602e-03
9.68940e+00   3.09300e-03
9.74952e+00   3.06015e-03
9.80964e+00   3.02748e-03
9.86976e+00   2.99500e-03
9.92988e+00   2.96272e-03
9.99000e+00   2.93062e-03
1.00501e+01   2.89873e-03
1.01102e+01   2.86704e-03
1.01704e+01   2.83555e-03
1.02305e+01   2.80427e-03
1.02906e+01   2.77321e-03
1.03507e+01   2.74237e-03
1.04108e+01   2.71175e-03
1.04710e+01   2.68135e-03
1.05311e+01   2.65119e-03
1.05912e+01   2.62125e-03
1.06513e+01   2.59156e-03
1.07114e+01   2.56211e-03
1.07716e+01   2.53290e-03
1.08317e+01   2.50394e-03
1.08918e+01   2.47524e-03
1.09519e+01   2.44679e-03
1.10120e+01   2.41861e-03
1.10722e+01   2.39069e-03
1.11323e+01   2.36304e-03
1.11924e+01   2.33566e-03
1.12525e+01   2.30856e-03
1.13127e+01   2.28174e-03
1.13728e+01   2.25521e-03
1.14329e+01   2.22896e-03
1.14930e+01   2.20301e-03
1.15531e+01   2.17735e-03
1.16133e+01   2.15200e-03
1.16734e+01   2.12694e-03
1.17335e+01   2.10220e-03
1.17936e+01   2.07777e-03
1.18537e+01   2.05366e-03
1.19139e+01   2.02986e-03
1.19740e+01   2.00639e-03
1.20341e+01   1.98325e-03
1.20942e+01   1.96044e-03
1.21543e+01   1.93797e-03
1.22145e+01   1.91583e-03
1.22746e+01   1.89404e-03
1.23347e+01   1.87260e-03
1.23948e+01   1.85151e-03
1.24549e+01   1.83077e-03
1.25151e+01   1.81040e-03
1.25752e+01   1.79038e-03
1.26353e+01   1.77074e-03
1.26954e+01   1.75146e-03
1.27555e+01   1.73257e-03
1.28157e+01   1.71405e-03
1.28758e+01   1.69591e-03
1.29359e+01   1.67816e-03
1.29960e+01   1.66080e-03
1.30561e+01   1.64384e-03
1.31163e+01   1.62727e-03
1.31764e+01   1.61111e-03
1.32365e+01   1.59535e-03
1.32966e+01   1.58001e-03
1.33567e+01   1.56508e-03
1.34169e+01   1.55056e-03
1.34770e+01   1.53647e-03
1.35371e+01   1.52281e-03
1.35972e+01   1.50957e-03
1.36573e+01   1.49677e-03
1.37175e+01   1.48441e-03
1.37776e+01   1.47249e-03
1.38377e+01   1.46102e-03
1.38978e+01   1.44999e-03
1.39580e+01   1.43942e-03
1.40181e+01   1.42931e-03
1.40782e+01   1.41966e-03
1.41383e+01   1.41047e-03
1.41984e+01   1.40175e-03
1.42586e+01   1.39351e-03
1.43187e+01   1.38574e-03
1.43788e+01   1.37846e-03
1.44389e+01   1.37166e-03
1.44990e+01   1.36535e-03
1.45592e+01   1.35953e-03
1.46193e+01   1.35421e-03
1.46794e+01   1.34939e-03
1.47395e+01   1.34508e-03
1.47996e+01   1.34127e-03
1.48598e+01   1.33797e-03
1.49199e+01   1.33520e-03
1.49800e+01   1.33294e-03
