1.00000e-02   3.49751e-05
7.01205e-02   3.49851e-05
1.30241e-01   3.49951e-05
1.90361e-01   4.74364e-05
2.50482e-01   1.97767e-04
3.10602e-01   1.22434e-03
3.70723e-01   9.02958e-03
4.30843e-01   2.99775e-02
4.90964e-01   6.03828e-02
5.51084e-01   9.27021e-02
6.11205e-01   1.20023e-01
6.71325e-01   1.21020e-01
7.31446e-01   1.28865e-01
7.91566e-01   1.36630e-01
8.51687e-01   1.38744e-01
9.11807e-01   1.41430e-01
9.71928e-01   1.42727e-01
1.03205e+00   1.13947e-01
1.09217e+00   1.06467e-01
1.15229e+00   9.98961e-02
1.21241e+00   9.55547e-02
1.27253e+00   9.38670e-02
1.33265e+00   9.05157e-02
1.39277e+00   8.72956e-02
1.45289e+00   8.48847e-02
1.51301e+00   8.11313e-02
1.57313e+00   7.60582e-02
1.63325e+00   7.04617e-02
1.69337e+00   6.51393e-02
1.75349e+00   6.06882e-02
1.81361e+00   5.65910e-02
1.87373e+00   5.21599e-02
1.93386e+00   4.78697e-02
1.99398e+00   4.41020e-02
2.05410e+00   4.08135e-02
2.11422e+00   3.79475e-02
2.17434e+00   3.54473e-02
2.23446e+00   3.32560e-02
2.29458e+00   3.13171e-02
2.35470e+00   2.95737e-02
2.41482e+00   2.79706e-02
2.47494e+00   2.64797e-02
2.53506e+00   2.50946e-02
2.59518e+00   2.38092e-02
2.65530e+00   2.26179e-02
2.71542e+00   2.15149e-02
2.77554e+00   2.04942e-02
2.83566e+00   1.95501e-02
2.89578e+00   1.86768e-02
2.95590e+00   1.78691e-02
3.01602e+00   1.71221e-02
3.07614e+00   1.64311e-02
3.13627e+00   1.57913e-02
3.19639e+00   1.51979e-02
3.25651e+00   1.46462e-02
3.31663e+00   1.41313e-02
3.37675e+00   1.36486e-02
3.43687e+00   1.31949e-02
3.49699e+00   1.27680e-02
3.55711e+00   1.23661e-02
3.61723e+00   1.19870e-02
3.67735e+00   1.16287e-02
3.73747e+00   1.12892e-02
3.79759e+00   1.09663e-02
3.85771e+00   1.06587e-02
3.91783e+00   1.03656e-02
3.97795e+00   1.00867e-02
4.03807e+00   9.82129e-03
4.09819e+00   9.56896e-03
4.15831e+00   9.32917e-03
4.21843e+00   9.10142e-03
4.27855e+00   8.88517e-03
4.33867e+00   8.67993e-03
4.39880e+00   8.48518e-03
4.45892e+00   8.30039e-03
4.51904e+00   8.12507e-03
4.57916e+00   7.95869e-03
4.63928e+00   7.80074e-03
4.69940e+00   7.65070e-03
4.75952e+00   7.50807e-03
4.81964e+00   7.37233e-03
4.87976e+00   7.24296e-03
4.93988e+00   7.11945e-03
5.00000e+00   7.00129e-03
5.06012e+00   6.88796e-03
5.12024e+00   6.77894e-03
5.18036e+00   6.67373e-03
5.24048e+00   6.57181e-03
5.30060e+00   6.47267e-03
5.36072e+00   6.37579e-03
5.42084e+00   6.28065e-03
5.48096e+00   6.18675e-03
5.54108e+00   6.09357e-03
5.60120e+00   6.00060e-03
5.66133e+00   5.90731e-03
5.72145e+00   5.81331e-03
5.78157e+00   5.71860e-03
5.84169e+00   5.62328e-03
5.90181e+00   5.52743e-03
5.96193e+00   5.43117e-03
6.02205e+00   5.33457e-03
6.08217e+00   5.23775e-03
6.14229e+00   5.14079e-03
6.20241e+00   5.04380e-03
6.26253e+00   4.94687e-03
6.32265e+00   4.85010e-03
6.38277e+00   4.75358e-03
6.44289e+00   4.65742e-03
6.50301e+00   4.56170e-03
6.56313e+00   4.46652e-03
6.62325e+00   4.37198e-03
6.68337e+00   4.27819e-03
6.74349e+00   4.18522e-03
6.80361e+00   4.09319e-03
6.86373e+00   4.00218e-03
6.92386e+00   3.91230e-03
6.98398e+00   3.82364e-03
7.04410e+00   3.73630e-03
7.10422e+00   3.65037e-03
7.16434e+00   3.56595e-03
7.22446e+00   3.48314e-03
7.28458e+00   3.40203e-03
7.34470e+00   3.32272e-03
7.40482e+00   3.24531e-03
7.46494e+00   3.16989e-03
7.52506e+00   3.09657e-03
7.58518e+00   3.02537e-03
7.64530e+00   2.95626e-03
7.70542e+00   2.88920e-03
7.76554e+00   2.82415e-03
7.82566e+00   2.76109e-03
7.88578e+00   2.69995e-03
7.94590e+00   2.64072e-03
8.00602e+00   2.58334e-03
8.06614e+00   2.52778e-03
8.12627e+00   2.47400e-03
8.18639e+00   2.42196e-03
8.24651e+00   2.37162e-03
8.30663e+00   2.32295e-03
8.36675e+00   2.27590e-03
8.42687e+00   2.23043e-03
8.48699e+00   2.18651e-03
8.54711e+00   2.14410e-03
8.60723e+00   2.10315e-03
8.66735e+00   2.06364e-03
8.72747e+00   2.02551e-03
8.78759e+00   1.98874e-03
8.84771e+00   1.95327e-03
8.90783e+00   1.91908e-03
8.96795e+00   1.88613e-03
9.02807e+00   1.85437e-03
9.08819e+00   1.82376e-03
9.14831e+00   1.79427e-03
9.20843e+00   1.76586e-03
9.26855e+00   1.73849e-03
9.32867e+00   1.71212e-03
9.38880e+00   1.68671e-03
9.44892e+00   1.66223e-03
9.50904e+00   1.63862e-03
9.56916e+00   1.61586e-03
9.62928e+00   1.59391e-03
9.68940e+00   1.57272e-03
9.74952e+00   1.55226e-03
9.80964e+00   1.53249e-03
9.86976e+00   1.51336e-03
9.92988e+00   1.49485e-03
9.99000e+00   1.47691e-03
1.00501e+01   1.45950e-03
1.01102e+01   1.44258e-03
1.01704e+01   1.42612e-03
1.02305e+01   1.41008e-03
1.02906e+01   1.39441e-03
1.03507e+01   1.37907e-03
1.04108e+01   1.36404e-03
1.04710e+01   1.34927e-03
1.05311e+01   1.33471e-03
1.05912e+01   1.32034e-03
1.06513e+01   1.30611e-03
1.07114e+01   1.29198e-03
1.07716e+01   1.27792e-03
1.08317e+01   1.26389e-03
1.08918e+01   1.24984e-03
1.09519e+01   1.23574e-03
1.10120e+01   1.22154e-03
1.10722e+01   1.20722e-03
1.11323e+01   1.19273e-03
1.11924e+01   1.17803e-03
1.12525e+01   1.16308e-03
1.13127e+01   1.14785e-03
1.13728e+01   1.13235e-03
1.14329e+01   1.11658e-03
1.14930e+01   1.10058e-03
1.15531e+01   1.08435e-03
1.16133e+01   1.06792e-03
1.16734e+01   1.05130e-03
1.17335e+01   1.03452e-03
1.17936e+01   1.01757e-03
1.18537e+01   1.00050e-03
1.19139e+01   9.83302e-04
1.19740e+01   9.66007e-04
1.20341e+01   9.48630e-04
1.20942e+01   9.31188e-04
1.21543e+01   9.13699e-04
1.22145e+01   8.96180e-04
1.22746e+01   8.78650e-04
1.23347e+01   8.61124e-04
1.23948e+01   8.43622e-04
1.24549e+01   8.26160e-04
1.25151e+01   8.08757e-04
1.25752e+01   7.91429e-04
1.26353e+01   7.74195e-04
1.26954e+01   7.57071e-04
1.27555e+01   7.40076e-04
1.28157e+01   7.23227e-04
1.28758e+01   7.06542e-04
1.29359e+01   6.90038e-04
1.29960e+01   6.73733e-04
1.30561e+01   6.57644e-04
1.31163e+01   6.41789e-04
1.31764e+01   6.26186e-04
1.32365e+01   6.10852e-04
1.32966e+01   5.95804e-04
1.33567e+01   5.81061e-04
1.34169e+01   5.66640e-04
1.34770e+01   5.52557e-04
1.35371e+01   5.38832e-04
1.35972e+01   5.25482e-04
1.36573e+01   5.12523e-04
1.37175e+01   4.99975e-04
1.37776e+01   4.87853e-04
1.38377e+01   4.76176e-04
1.38978e+01   4.64962e-04
1.39580e+01   4.54228e-04
1.40181e+01   4.43991e-04
1.40782e+01   4.34270e-04
1.41383e+01   4.25081e-04
1.41984e+01   4.16443e-04
1.42586e+01   4.08372e-04
1.43187e+01   4.00887e-04
1.43788e+01   3.94005e-04
1.44389e+01   3.87743e-04
1.44990e+01   3.82120e-04
1.45592e+01   3.77152e-04
1.46193e+01   3.72858e-04
1.46794e+01   3.69255e-04
1.47395e+01   3.66360e-04
1.47996e+01   3.64191e-04
1.48598e+01   3.62765e-04
1.49199e+01   3.62101e-04
1.49800e+01   3.62216e-04
