#XLO XHI SOURCE
0.3 0.31 0.0516452
0.31 0.32 0.0673439
0.32 0.33 0.0851312
0.33 0.34 0.104789
0.34 0.35 0.126058
0.35 0.36 0.14866
0.36 0.37 0.172315
0.37 0.38 0.196748
0.38 0.39 0.221703
0.39 0.4 0.246946
0.4 0.41 0.257912
0.41 0.42 0.282794
0.42 0.43 0.307557
0.43 0.44 0.332067
0.44 0.45 0.356209
0.45 0.46 0.379892
0.46 0.47 0.403041
0.47 0.48 0.425597
0.48 0.49 0.447515
0.49 0.5 0.468764
0.5 0.51 0.489322
0.51 0.52 0.509177
0.52 0.53 0.528324
0.53 0.54 0.3982
0.54 0.55 0.379529
0.55 0.56 0.397723
0.56 0.57 0.415529
0.57 0.58 0.432926
0.58 0.59 0.449899
0.59 0.6 0.466436
0.6 0.61 0.482528
0.61 0.62 0.498172
0.62 0.63 0.513366
0.63 0.64 0.528112
0.64 0.65 0.542412
0.65 0.66 0.556271
0.66 0.67 0.569696
0.67 0.68 0.582694
0.68 0.69 0.595274
0.69 0.7 0.607445
0.7 0.71 0.60966
0.71 0.72 0.59936
0.72 0.73 0.611327
0.73 0.74 0.622798
0.74 0.75 0.633791
0.75 0.76 0.644322
0.76 0.77 0.654409
0.77 0.78 0.66407
0.78 0.79 0.67332
0.79 0.8 0.682178
0.8 0.81 0.69066
0.81 0.82 0.698782
0.82 0.83 0.706559
0.83 0.84 0.714007
0.84 0.85 0.721141
0.85 0.86 0.727975
0.86 0.87 0.724144
0.87 0.88 0.707036
0.88 0.89 0.714419
0.89 0.9 0.721577
0.9 0.91 0.728518
0.91 0.92 0.735248
0.92 0.93 0.741774
0.93 0.94 0.748103
0.94 0.95 0.754243
0.95 0.96 0.760198
0.96 0.97 0.765975
0.97 0.98 0.771581
0.98 0.99 0.77702
0.99 1 0.782299
1 1.01 0.787423
1.01 1.02 0.792397
1.02 1.03 0.797226
1.03 1.04 0.801916
1.04 1.05 0.80647
1.05 1.06 0.810893
1.06 1.07 0.81519
1.07 1.08 0.819366
1.08 1.09 0.823423
1.09 1.1 0.827366
1.1 1.11 0.831198
1.11 1.12 0.834925
1.12 1.13 0.838548
1.13 1.14 0.842071
1.14 1.15 0.845498
1.15 1.16 0.848831
1.16 1.17 0.852075
1.17 1.18 0.855231
1.18 1.19 0.858302
1.19 1.2 0.861292
1.2 1.21 0.864202
1.21 1.22 0.867036
1.22 1.23 0.869796
1.23 1.24 0.872484
1.24 1.25 0.875102
1.25 1.26 0.877653
1.26 1.27 0.880139
1.27 1.28 0.882561
1.28 1.29 0.884922
1.29 1.3 0.887224
1.3 1.31 0.884199
1.31 1.32 0.884187
1.32 1.33 0.886394
1.33 1.34 0.888546
1.34 1.35 0.890645
1.35 1.36 0.892694
1.36 1.37 0.894692
1.37 1.38 0.896642
1.38 1.39 0.898546
1.39 1.4 0.900405
1.4 1.41 0.902219
1.41 1.42 0.90399
1.42 1.43 0.90572
1.43 1.44 0.90741
1.44 1.45 0.909061
1.45 1.46 0.910674
1.46 1.47 0.912249
1.47 1.48 0.913789
1.48 1.49 0.915294
1.49 1.5 0.916765
1.5 1.51 0.918203
1.51 1.52 0.919609
1.52 1.53 0.920984
1.53 1.54 0.922329
1.54 1.55 0.923644
1.55 1.56 0.924931
1.56 1.57 0.926189
1.57 1.58 0.92742
1.58 1.59 0.928626
1.59 1.6 0.929805
1.6 1.61 0.930959
1.61 1.62 0.932089
1.62 1.63 0.933195
1.63 1.64 0.934279
1.64 1.65 0.935339
1.65 1.66 0.936378
1.66 1.67 0.937395
1.67 1.68 0.938392
1.68 1.69 0.939368
1.69 1.7 0.940325
1.7 1.71 0.941262
1.71 1.72 0.94218
1.72 1.73 0.94308
1.73 1.74 0.943963
1.74 1.75 0.944828
1.75 1.76 0.945676
1.76 1.77 0.946507
1.77 1.78 0.947322
1.78 1.79 0.948121
1.79 1.8 0.948905
1.8 1.81 0.949674
1.81 1.82 0.950429
1.82 1.83 0.951169
1.83 1.84 0.951895
1.84 1.85 0.947602
1.85 1.86 0.948361
1.86 1.87 0.949105
1.87 1.88 0.949835
1.88 1.89 0.950551
1.89 1.9 0.951254
1.9 1.91 0.951944
1.91 1.92 0.952621
1.92 1.93 0.953286
1.93 1.94 0.953938
1.94 1.95 0.954578
1.95 1.96 0.955207
1.96 1.97 0.955824
1.97 1.98 0.95643
1.98 1.99 0.957025
1.99 2 0.95761
2 2.01 0.958184
2.01 2.02 0.958748
2.02 2.03 0.959302
2.03 2.04 0.959846
2.04 2.05 0.960381
2.05 2.06 0.960906
2.06 2.07 0.961423
2.07 2.08 0.96193
2.08 2.09 0.962429
2.09 2.1 0.962919
2.1 2.11 0.963401
2.11 2.12 0.963874
2.12 2.13 0.96434
2.13 2.14 0.964798
2.14 2.15 0.965248
2.15 2.16 0.965691
2.16 2.17 0.966126
2.17 2.18 0.966555
2.18 2.19 0.966976
2.19 2.2 0.96739
2.2 2.21 0.967797
2.21 2.22 0.968198
2.22 2.23 0.968593
2.23 2.24 0.968981
2.24 2.25 0.969363
2.25 2.26 0.969738
2.26 2.27 0.970108
2.27 2.28 0.970472
2.28 2.29 0.97083
2.29 2.3 0.971183
2.3 2.31 0.97153
2.31 2.32 0.971871
2.32 2.33 0.972208
2.33 2.34 0.972539
2.34 2.35 0.972865
2.35 2.36 0.973186
2.36 2.37 0.973502
2.37 2.38 0.973814
2.38 2.39 0.97412
2.39 2.4 0.974422
2.4 2.41 0.97472
2.41 2.42 0.975013
2.42 2.43 0.975302
2.43 2.44 0.975586
2.44 2.45 0.975866
2.45 2.46 0.976142
2.46 2.47 0.976414
2.47 2.48 0.974871
2.48 2.49 0.974958
2.49 2.5 0.975242
2.5 2.51 0.975522
2.51 2.52 0.975798
2.52 2.53 0.97607
2.53 2.54 0.976337
2.54 2.55 0.976601
2.55 2.56 0.97686
2.56 2.57 0.977116
2.57 2.58 0.977368
2.58 2.59 0.977616
2.59 2.6 0.97786
2.6 2.61 0.978101
2.61 2.62 0.978338
2.62 2.63 0.978572
2.63 2.64 0.978803
2.64 2.65 0.97903
2.65 2.66 0.979254
2.66 2.67 0.979474
2.67 2.68 0.979692
2.68 2.69 0.979906
2.69 2.7 0.980117
2.7 2.71 0.980325
2.71 2.72 0.980531
2.72 2.73 0.980733
2.73 2.74 0.980933
2.74 2.75 0.98113
2.75 2.76 0.981324
2.76 2.77 0.981515
2.77 2.78 0.981704
2.78 2.79 0.98189
2.79 2.8 0.982073
2.8 2.81 0.982254
2.81 2.82 0.982433
2.82 2.83 0.982609
2.83 2.84 0.982783
2.84 2.85 0.982954
2.85 2.86 0.983123
2.86 2.87 0.98329
2.87 2.88 0.983455
2.88 2.89 0.983617
2.89 2.9 0.983777
2.9 2.91 0.983935
2.91 2.92 0.984091
2.92 2.93 0.984245
2.93 2.94 0.984397
2.94 2.95 0.984547
2.95 2.96 0.984695
2.96 2.97 0.984841
2.97 2.98 0.984985
2.98 2.99 0.985128
2.99 3 0.985268
3 3.01 0.985407
3.01 3.02 0.985544
3.02 3.03 0.985679
3.03 3.04 0.985813
3.04 3.05 0.985944
3.05 3.06 0.986075
3.06 3.07 0.986203
3.07 3.08 0.98633
3.08 3.09 0.986456
3.09 3.1 0.986579
3.1 3.11 0.986701
3.11 3.12 0.986822
3.12 3.13 0.986941
3.13 3.14 0.987059
3.14 3.15 0.987175
3.15 3.16 0.98729
3.16 3.17 0.987404
3.17 3.18 0.987516
3.18 3.19 0.987627
3.19 3.2 0.987736
3.2 3.21 0.987844
3.21 3.22 0.987669
3.22 3.23 0.987777
3.23 3.24 0.987884
3.24 3.25 0.987989
3.25 3.26 0.988094
3.26 3.27 0.988197
3.27 3.28 0.988299
3.28 3.29 0.988399
3.29 3.3 0.988499
3.3 3.31 0.988597
3.31 3.32 0.988695
3.32 3.33 0.988791
3.33 3.34 0.988886
3.34 3.35 0.98898
3.35 3.36 0.989072
3.36 3.37 0.989164
3.37 3.38 0.989255
3.38 3.39 0.989344
3.39 3.4 0.989433
3.4 3.41 0.989521
3.41 3.42 0.989607
3.42 3.43 0.989693
3.43 3.44 0.989778
3.44 3.45 0.989862
3.45 3.46 0.989945
3.46 3.47 0.990026
3.47 3.48 0.990107
3.48 3.49 0.990187
3.49 3.5 0.990267
3.5 3.51 0.990345
3.51 3.52 0.990423
3.52 3.53 0.990499
3.53 3.54 0.990575
3.54 3.55 0.99065
3.55 3.56 0.990724
3.56 3.57 0.990798
3.57 3.58 0.99087
3.58 3.59 0.990942
3.59 3.6 0.991013
3.6 3.61 0.991084
3.61 3.62 0.991153
3.62 3.63 0.991222
3.63 3.64 0.99129
3.64 3.65 0.991357
3.65 3.66 0.991424
3.66 3.67 0.99149
3.67 3.68 0.991555
3.68 3.69 0.99162
3.69 3.7 0.991684
3.7 3.71 0.991747
3.71 3.72 0.991809
3.72 3.73 0.991871
3.73 3.74 0.991933
3.74 3.75 0.991993
3.75 3.76 0.992053
3.76 3.77 0.992113
3.77 3.78 0.992172
3.78 3.79 0.99223
3.79 3.8 0.992287
3.8 3.81 0.992344
3.81 3.82 0.992401
3.82 3.83 0.992457
3.83 3.84 0.992512
3.84 3.85 0.992567
3.85 3.86 0.992621
3.86 3.87 0.992675
3.87 3.88 0.992728
3.88 3.89 0.992781
3.89 3.9 0.992833
3.9 3.91 0.992885
3.91 3.92 0.992936
3.92 3.93 0.992986
3.93 3.94 0.993036
3.94 3.95 0.993086
3.95 3.96 0.993135
3.96 3.97 0.993184
3.97 3.98 0.993232
3.98 3.99 0.99328
3.99 4 0.993327
4 4.01 0.993374
4.01 4.02 0.99342
4.02 4.03 0.993466
4.03 4.04 0.993485
4.04 4.05 0.993427
4.05 4.06 0.993475
4.06 4.07 0.993522
4.07 4.08 0.993569
4.08 4.09 0.993615
4.09 4.1 0.993661
4.1 4.11 0.993707
4.11 4.12 0.993752
4.12 4.13 0.993797
4.13 4.14 0.993841
4.14 4.15 0.993885
4.15 4.16 0.993928
4.16 4.17 0.993971
4.17 4.18 0.994014
4.18 4.19 0.994056
4.19 4.2 0.994098
4.2 4.21 0.994139
4.21 4.22 0.99418
4.22 4.23 0.99422
4.23 4.24 0.994261
4.24 4.25 0.994301
4.25 4.26 0.99434
4.26 4.27 0.994379
4.27 4.28 0.994418
4.28 4.29 0.994456
4.29 4.3 0.994494
4.3 4.31 0.994532
4.31 4.32 0.994569
4.32 4.33 0.994606
4.33 4.34 0.994643
4.34 4.35 0.994679
4.35 4.36 0.994715
4.36 4.37 0.994751
4.37 4.38 0.994786
4.38 4.39 0.994821
4.39 4.4 0.994856
4.4 4.41 0.99489
4.41 4.42 0.994924
4.42 4.43 0.994958
4.43 4.44 0.994991
4.44 4.45 0.995025
4.45 4.46 0.995057
4.46 4.47 0.99509
4.47 4.48 0.995122
4.48 4.49 0.995154
4.49 4.5 0.995186
4.5 4.51 0.995218
4.51 4.52 0.995249
4.52 4.53 0.995279
4.53 4.54 0.99531
4.54 4.55 0.99534
4.55 4.56 0.995371
4.56 4.57 0.9954
4.57 4.58 0.99543
4.58 4.59 0.995459
4.59 4.6 0.995488
4.6 4.61 0.995517
4.61 4.62 0.995546
4.62 4.63 0.995574
4.63 4.64 0.995602
4.64 4.65 0.99563
4.65 4.66 0.995657
4.66 4.67 0.995685
4.67 4.68 0.995712
4.68 4.69 0.995739
4.69 4.7 0.995766
4.7 4.71 0.995792
4.71 4.72 0.995818
4.72 4.73 0.995844
4.73 4.74 0.99587
4.74 4.75 0.995896
4.75 4.76 0.995921
4.76 4.77 0.995946
4.77 4.78 0.995971
4.78 4.79 0.995996
4.79 4.8 0.99602
4.8 4.81 0.996044
4.81 4.82 0.996069
4.82 4.83 0.996093
4.83 4.84 0.996116
4.84 4.85 0.99614
4.85 4.86 0.996163
4.86 4.87 0.996186
4.87 4.88 0.996209
4.88 4.89 0.996232
4.89 4.9 0.996255
4.9 4.91 0.996277
4.91 4.92 0.996299
4.92 4.93 0.996321
4.93 4.94 0.996343
4.94 4.95 0.996365
4.95 4.96 0.996386
4.96 4.97 0.996408
4.97 4.98 0.996429
4.98 4.99 0.99645
4.99 5 0.996471
5 5.01 0.996491
5.01 5.02 0.996512
5.02 5.03 0.996532
5.03 5.04 0.996552
5.04 5.05 0.996572
5.05 5.06 0.996592
5.06 5.07 0.996612
5.07 5.08 0.996632
5.08 5.09 0.996651
5.09 5.1 0.99667
5.1 5.11 0.996689
5.11 5.12 0.996708
5.12 5.13 0.996727
5.13 5.14 0.996746
5.14 5.15 0.996764
5.15 5.16 0.996783
5.16 5.17 0.996801
5.17 5.18 0.996819
5.18 5.19 0.996837
5.19 5.2 0.996855
5.2 5.21 0.996872
5.21 5.22 0.99689
5.22 5.23 0.996907
5.23 5.24 0.996925
5.24 5.25 0.996942
5.25 5.26 0.996959
5.26 5.27 0.996976
5.27 5.28 0.996992
5.28 5.29 0.997009
5.29 5.3 0.997026
5.3 5.31 0.997042
5.31 5.32 0.997058
5.32 5.33 0.997074
5.33 5.34 0.99709
5.34 5.35 0.997106
5.35 5.36 0.997122
5.36 5.37 0.997138
5.37 5.38 0.997153
5.38 5.39 0.997169
5.39 5.4 0.997184
5.4 5.41 0.997199
5.41 5.42 0.997214
5.42 5.43 0.997229
5.43 5.44 0.997244
5.44 5.45 0.997259
5.45 5.46 0.997274
5.46 5.47 0.997288
5.47 5.48 0.997303
5.48 5.49 0.997317
5.49 5.5 0.997331
5.5 5.51 0.997346
5.51 5.52 0.99736
5.52 5.53 0.997374
5.53 5.54 0.997387
5.54 5.55 0.997401
5.55 5.56 0.997415
5.56 5.57 0.997428
5.57 5.58 0.997442
5.58 5.59 0.997455
5.59 5.6 0.997469
5.6 5.61 0.997482
5.61 5.62 0.997495
5.62 5.63 0.997508
5.63 5.64 0.997521
5.64 5.65 0.997533
5.65 5.66 0.997546
5.66 5.67 0.997559
5.67 5.68 0.997571
5.68 5.69 0.997584
5.69 5.7 0.997596
5.7 5.71 0.997608
5.71 5.72 0.997621
5.72 5.73 0.997633
5.73 5.74 0.997645
5.74 5.75 0.997657
5.75 5.76 0.997669
5.76 5.77 0.99768
5.77 5.78 0.997692
5.78 5.79 0.997703
5.79 5.8 0.997715
5.8 5.81 0.997727
5.81 5.82 0.997738
5.82 5.83 0.997749
5.83 5.84 0.99776
5.84 5.85 0.997772
5.85 5.86 0.997783
5.86 5.87 0.997794
5.87 5.88 0.997805
5.88 5.89 0.997815
5.89 5.9 0.997826
5.9 5.91 0.997837
5.91 5.92 0.997847
5.92 5.93 0.997858
5.93 5.94 0.997869
5.94 5.95 0.997879
5.95 5.96 0.997889
5.96 5.97 0.9979
5.97 5.98 0.99791
5.98 5.99 0.99792
5.99 6 0.99793
6 6.01 0.99794
6.01 6.02 0.99795
6.02 6.03 0.99796
6.03 6.04 0.99797
6.04 6.05 0.997979
6.05 6.06 0.997989
6.06 6.07 0.997999
6.07 6.08 0.998008
6.08 6.09 0.998018
6.09 6.1 0.998027
6.1 6.11 0.998037
6.11 6.12 0.998046
6.12 6.13 0.998055
6.13 6.14 0.998064
6.14 6.15 0.998073
6.15 6.16 0.998083
6.16 6.17 0.998091
6.17 6.18 0.9981
6.18 6.19 0.998109
6.19 6.2 0.998118
6.2 6.21 0.998127
6.21 6.22 0.998136
6.22 6.23 0.998144
6.23 6.24 0.998153
6.24 6.25 0.998161
6.25 6.26 0.99817
6.26 6.27 0.998179
6.27 6.28 0.998187
6.28 6.29 0.998195
6.29 6.3 0.998204
6.3 6.31 0.998212
6.31 6.32 0.99822
6.32 6.33 0.998228
6.33 6.34 0.998236
6.34 6.35 0.998244
6.35 6.36 0.998252
6.36 6.37 0.99826
6.37 6.38 0.998268
6.38 6.39 0.998276
6.39 6.4 0.998284
6.4 6.41 0.998292
6.41 6.42 0.998299
6.42 6.43 0.998307
6.43 6.44 0.998315
6.44 6.45 0.998322
6.45 6.46 0.99833
6.46 6.47 0.998337
6.47 6.48 0.998344
6.48 6.49 0.998352
6.49 6.5 0.998359
6.5 6.51 0.998366
6.51 6.52 0.998374
6.52 6.53 0.998381
6.53 6.54 0.998388
6.54 6.55 0.998395
6.55 6.56 0.998402
6.56 6.57 0.998409
6.57 6.58 0.998416
6.58 6.59 0.998423
6.59 6.6 0.99843
6.6 6.61 0.998437
6.61 6.62 0.998444
6.62 6.63 0.998451
6.63 6.64 0.998457
6.64 6.65 0.998464
6.65 6.66 0.998471
6.66 6.67 0.998477
6.67 6.68 0.998484
6.68 6.69 0.99849
6.69 6.7 0.998497
6.7 6.71 0.998503
6.71 6.72 0.99851
6.72 6.73 0.998516
6.73 6.74 0.998522
6.74 6.75 0.998529
6.75 6.76 0.998535
6.76 6.77 0.998541
6.77 6.78 0.998547
6.78 6.79 0.998554
6.79 6.8 0.99856
6.8 6.81 0.998566
6.81 6.82 0.998572
6.82 6.83 0.998578
6.83 6.84 0.998584
6.84 6.85 0.99859
6.85 6.86 0.998596
6.86 6.87 0.998602
6.87 6.88 0.998607
6.88 6.89 0.998613
6.89 6.9 0.998619
6.9 6.91 0.998625
6.91 6.92 0.99863
6.92 6.93 0.998636
6.93 6.94 0.998642
6.94 6.95 0.998647
6.95 6.96 0.998653
6.96 6.97 0.998659
6.97 6.98 0.998664
6.98 6.99 0.99867
6.99 7 0.998675
7 7.01 0.99868
7.01 7.02 0.998686
7.02 7.03 0.998691
7.03 7.04 0.998697
7.04 7.05 0.998702
7.05 7.06 0.998707
7.06 7.07 0.998712
7.07 7.08 0.998718
7.08 7.09 0.998723
7.09 7.1 0.998728
7.1 7.11 0.998733
7.11 7.12 0.997755
7.12 7.13 0.997655
7.13 7.14 0.997664
7.14 7.15 0.997673
7.15 7.16 0.997682
7.16 7.17 0.997691
7.17 7.18 0.997699
7.18 7.19 0.997708
7.19 7.2 0.997717
7.2 7.21 0.997726
7.21 7.22 0.997734
7.22 7.23 0.997743
7.23 7.24 0.997751
7.24 7.25 0.99776
7.25 7.26 0.997768
7.26 7.27 0.997777
7.27 7.28 0.997785
7.28 7.29 0.997793
7.29 7.3 0.997802
7.3 7.31 0.99781
7.31 7.32 0.997818
7.32 7.33 0.997826
7.33 7.34 0.997834
7.34 7.35 0.997842
7.35 7.36 0.99785
7.36 7.37 0.997858
7.37 7.38 0.997866
7.38 7.39 0.997874
7.39 7.4 0.997882
7.4 7.41 0.99789
7.41 7.42 0.997897
7.42 7.43 0.997905
7.43 7.44 0.997913
7.44 7.45 0.997921
7.45 7.46 0.997928
7.46 7.47 0.997936
7.47 7.48 0.997943
7.48 7.49 0.997951
7.49 7.5 0.997958
7.5 7.51 0.997965
7.51 7.52 0.997973
7.52 7.53 0.99798
7.53 7.54 0.997988
7.54 7.55 0.997995
7.55 7.56 0.998002
7.56 7.57 0.998009
7.57 7.58 0.998016
7.58 7.59 0.998024
7.59 7.6 0.998031
7.6 7.61 0.998038
7.61 7.62 0.998045
7.62 7.63 0.998052
7.63 7.64 0.998058
7.64 7.65 0.998065
7.65 7.66 0.998072
7.66 7.67 0.998079
7.67 7.68 0.998086
7.68 7.69 0.998093
7.69 7.7 0.998099
7.7 7.71 0.998106
7.71 7.72 0.998113
7.72 7.73 0.99812
7.73 7.74 0.998126
7.74 7.75 0.998133
7.75 7.76 0.998139
7.76 7.77 0.998146
7.77 7.78 0.998152
7.78 7.79 0.998159
7.79 7.8 0.998165
7.8 7.81 0.998172
7.81 7.82 0.998178
7.82 7.83 0.998184
7.83 7.84 0.99819
7.84 7.85 0.998197
7.85 7.86 0.998203
7.86 7.87 0.998209
7.87 7.88 0.998215
7.88 7.89 0.998222
7.89 7.9 0.998228
7.9 7.91 0.998234
7.91 7.92 0.99824
7.92 7.93 0.998246
7.93 7.94 0.998252
7.94 7.95 0.998258
7.95 7.96 0.998264
7.96 7.97 0.99827
7.97 7.98 0.998276
7.98 7.99 0.998281
7.99 8 0.998287
8 8.01 0.998293
8.01 8.02 0.998299
8.02 8.03 0.998305
8.03 8.04 0.99831
8.04 8.05 0.998316
8.05 8.06 0.998322
8.06 8.07 0.998327
8.07 8.08 0.998333
8.08 8.09 0.998338
8.09 8.1 0.998344
8.1 8.11 0.99835
8.11 8.12 0.998355
8.12 8.13 0.998361
8.13 8.14 0.998366
8.14 8.15 0.998371
8.15 8.16 0.998377
8.16 8.17 0.998382
8.17 8.18 0.998388
8.18 8.19 0.998393
8.19 8.2 0.998398
8.2 8.21 0.998404
8.21 8.22 0.998409
8.22 8.23 0.998414
8.23 8.24 0.998419
8.24 8.25 0.998424
8.25 8.26 0.99843
8.26 8.27 0.998435
8.27 8.28 0.99844
8.28 8.29 0.998445
8.29 8.3 0.99845
8.3 8.31 0.998455
8.31 8.32 0.99846
8.32 8.33 0.998465
8.33 8.34 0.998432
8.34 8.35 0.998433
8.35 8.36 0.998438
8.36 8.37 0.998443
8.37 8.38 0.998448
8.38 8.39 0.998453
8.39 8.4 0.998458
8.4 8.41 0.998464
8.41 8.42 0.998469
8.42 8.43 0.998474
8.43 8.44 0.998479
8.44 8.45 0.998484
8.45 8.46 0.998489
8.46 8.47 0.998493
8.47 8.48 0.998498
8.48 8.49 0.998503
8.49 8.5 0.998508
8.5 8.51 0.998513
8.51 8.52 0.998518
8.52 8.53 0.998523
8.53 8.54 0.998527
8.54 8.55 0.998532
8.55 8.56 0.998537
8.56 8.57 0.998542
8.57 8.58 0.998546
8.58 8.59 0.998551
8.59 8.6 0.998556
8.6 8.61 0.99856
8.61 8.62 0.998565
8.62 8.63 0.998569
8.63 8.64 0.998574
8.64 8.65 0.998578
8.65 8.66 0.998583
8.66 8.67 0.998588
8.67 8.68 0.998592
8.68 8.69 0.998597
8.69 8.7 0.998601
8.7 8.71 0.998605
8.71 8.72 0.99861
8.72 8.73 0.998614
8.73 8.74 0.998619
8.74 8.75 0.998623
8.75 8.76 0.998627
8.76 8.77 0.998632
8.77 8.78 0.998636
8.78 8.79 0.99864
8.79 8.8 0.998644
8.8 8.81 0.998649
8.81 8.82 0.998653
8.82 8.83 0.998657
8.83 8.84 0.998661
8.84 8.85 0.998665
8.85 8.86 0.99867
8.86 8.87 0.998674
8.87 8.88 0.998678
8.88 8.89 0.998682
8.89 8.9 0.998686
8.9 8.91 0.99869
8.91 8.92 0.998694
8.92 8.93 0.998698
8.93 8.94 0.998702
8.94 8.95 0.998706
8.95 8.96 0.99871
8.96 8.97 0.998714
8.97 8.98 0.998718
8.98 8.99 0.998722
8.99 9 0.998726
9 9.01 0.99873
9.01 9.02 0.998734
9.02 9.03 0.998738
9.03 9.04 0.998741
9.04 9.05 0.998745
9.05 9.06 0.998749
9.06 9.07 0.998753
9.07 9.08 0.998757
9.08 9.09 0.99876
9.09 9.1 0.998764
9.1 9.11 0.998768
9.11 9.12 0.998772
9.12 9.13 0.998775
9.13 9.14 0.998779
9.14 9.15 0.998783
9.15 9.16 0.998786
9.16 9.17 0.99879
9.17 9.18 0.998793
9.18 9.19 0.998797
9.19 9.2 0.998801
9.2 9.21 0.998804
9.21 9.22 0.998808
9.22 9.23 0.998811
9.23 9.24 0.998815
9.24 9.25 0.998818
9.25 9.26 0.998822
9.26 9.27 0.998825
9.27 9.28 0.998829
9.28 9.29 0.998832
9.29 9.3 0.998836
9.3 9.31 0.998839
9.31 9.32 0.998843
9.32 9.33 0.998846
9.33 9.34 0.998849
9.34 9.35 0.998853
9.35 9.36 0.998856
9.36 9.37 0.99886
9.37 9.38 0.998863
9.38 9.39 0.998866
9.39 9.4 0.99887
9.4 9.41 0.998873
9.41 9.42 0.998876
9.42 9.43 0.998879
9.43 9.44 0.998883
9.44 9.45 0.998886
9.45 9.46 0.998889
9.46 9.47 0.998892
9.47 9.48 0.998896
9.48 9.49 0.998899
9.49 9.5 0.998902
9.5 9.51 0.998905
9.51 9.52 0.998908
9.52 9.53 0.998911
9.53 9.54 0.998915
9.54 9.55 0.998918
9.55 9.56 0.998921
9.56 9.57 0.998924
9.57 9.58 0.998927
9.58 9.59 0.99893
9.59 9.6 0.998933
9.6 9.61 0.998936
9.61 9.62 0.998939
9.62 9.63 0.998942
9.63 9.64 0.998945
9.64 9.65 0.998948
9.65 9.66 0.998951
9.66 9.67 0.998954
9.67 9.68 0.998957
9.68 9.69 0.99896
9.69 9.7 0.998963
9.7 9.71 0.998966
9.71 9.72 0.998969
9.72 9.73 0.998972
9.73 9.74 0.998975
9.74 9.75 0.998978
9.75 9.76 0.99898
9.76 9.77 0.998983
9.77 9.78 0.998986
9.78 9.79 0.998989
9.79 9.8 0.998992
9.8 9.81 0.998994
9.81 9.82 0.998997
9.82 9.83 0.999
9.83 9.84 0.999003
9.84 9.85 0.999006
9.85 9.86 0.999008
9.86 9.87 0.999011
9.87 9.88 0.999014
9.88 9.89 0.999017
9.89 9.9 0.999019
9.9 9.91 0.999022
9.91 9.92 0.999025
9.92 9.93 0.999028
9.93 9.94 0.99903
9.94 9.95 0.999033
9.95 9.96 0.999035
9.96 9.97 0.999038
9.97 9.98 0.999041
9.98 9.99 0.999043
9.99 10 0.999046
10 10.01 0.999049
10.01 10.02 0.999051
10.02 10.03 0.999054
10.03 10.04 0.999057
10.04 10.05 0.99906
10.05 10.06 0.999063
10.06 10.07 0.999066
10.07 10.08 0.999068
10.08 10.09 0.999071
10.09 10.1 0.999074
10.1 10.11 0.999077
10.11 10.12 0.999079
10.12 10.13 0.999082
10.13 10.14 0.999085
10.14 10.15 0.999088
10.15 10.16 0.99909
10.16 10.17 0.999093
10.17 10.18 0.999095
10.18 10.19 0.999098
10.19 10.2 0.999101
10.2 10.21 0.999104
10.21 10.22 0.999106
10.22 10.23 0.999109
10.23 10.24 0.999111
10.24 10.25 0.999114
10.25 10.26 0.999117
10.26 10.27 0.999119
10.27 10.28 0.999122
10.28 10.29 0.999124
10.29 10.3 0.999127
10.3 10.31 0.999129
10.31 10.32 0.999132
10.32 10.33 0.999134
10.33 10.34 0.999137
10.34 10.35 0.999139
10.35 10.36 0.999142
10.36 10.37 0.999144
10.37 10.38 0.999147
10.38 10.39 0.999149
10.39 10.4 0.999152
10.4 10.41 0.999154
10.41 10.42 0.999157
10.42 10.43 0.999159
10.43 10.44 0.999161
10.44 10.45 0.999164
10.45 10.46 0.999166
10.46 10.47 0.999169
10.47 10.48 0.999171
10.48 10.49 0.999173
10.49 10.5 0.999176
10.5 10.51 0.999178
10.51 10.52 0.99918
10.52 10.53 0.999183
10.53 10.54 0.999185
10.54 10.55 0.999187
10.55 10.56 0.99919
10.56 10.57 0.999192
10.57 10.58 0.999194
10.58 10.59 0.999197
10.59 10.6 0.999199
10.6 10.61 0.999201
10.61 10.62 0.999203
10.62 10.63 0.999206
10.63 10.64 0.999208
10.64 10.65 0.99921
10.65 10.66 0.999212
10.66 10.67 0.999215
10.67 10.68 0.999217
10.68 10.69 0.999219
10.69 10.7 0.999221
10.7 10.71 0.999223
10.71 10.72 0.999226
10.72 10.73 0.999228
10.73 10.74 0.99923
10.74 10.75 0.999232
10.75 10.76 0.999234
10.76 10.77 0.999236
10.77 10.78 0.999238
10.78 10.79 0.99924
10.79 10.8 0.999243
10.8 10.81 0.999245
10.81 10.82 0.999247
10.82 10.83 0.999249
10.83 10.84 0.999251
10.84 10.85 0.999253
10.85 10.86 0.999255
10.86 10.87 0.999257
10.87 10.88 0.999259
10.88 10.89 0.999261
10.89 10.9 0.999263
10.9 10.91 0.999265
10.91 10.92 0.999267
10.92 10.93 0.999269
10.93 10.94 0.999271
10.94 10.95 0.999273
10.95 10.96 0.999275
10.96 10.97 0.999277
10.97 10.98 0.999279
10.98 10.99 0.999281
10.99 11 0.999283
