#XLO XHI SOURCE
0.3 0.31 0
0.31 0.32 0
0.32 0.33 0
0.33 0.34 0
0.34 0.35 0
0.35 0.36 0
0.36 0.37 0
0.37 0.38 0
0.38 0.39 0
0.39 0.4 0
0.4 0.41 0
0.41 0.42 0
0.42 0.43 0
0.43 0.44 0
0.44 0.45 0
0.45 0.46 0
0.46 0.47 0
0.47 0.48 0
0.48 0.49 0
0.49 0.5 0
0.5 0.51 0
0.51 0.52 0
0.52 0.53 0
0.53 0.54 0
0.54 0.55 0
0.55 0.56 0
0.56 0.57 0
0.57 0.58 0
0.58 0.59 0
0.59 0.6 0
0.6 0.61 0
0.61 0.62 0
0.62 0.63 0
0.63 0.64 0
0.64 0.65 0
0.65 0.66 0
0.66 0.67 0
0.67 0.68 0
0.68 0.69 0
0.69 0.7 2.98808e-22
0.7 0.71 9.91161e-22
0.71 0.72 0
0.72 0.73 5.50145e-22
0.73 0.74 3.88772e-21
0.74 0.75 2.15594e-20
0.75 0.76 1.08416e-19
0.76 0.77 4.97733e-19
0.77 0.78 2.09906e-18
0.78 0.79 8.17831e-18
0.79 0.8 2.9593e-17
0.8 0.81 9.99331e-17
0.81 0.82 3.16349e-16
0.82 0.83 9.42674e-16
0.83 0.84 2.65439e-15
0.84 0.85 7.08785e-15
0.85 0.86 1.8007e-14
0.86 0.87 2.58106e-14
0.87 0.88 1.00438e-15
0.88 0.89 2.8097e-15
0.89 0.9 7.54409e-15
0.9 0.91 1.94825e-14
0.91 0.92 4.84849e-14
0.92 0.93 1.16489e-13
0.93 0.94 2.70666e-13
0.94 0.95 6.09176e-13
0.95 0.96 1.33008e-12
0.96 0.97 2.82139e-12
0.97 0.98 5.82213e-12
0.98 0.99 1.17027e-11
0.99 1 2.29405e-11
1 1.01 4.39061e-11
1.01 1.02 8.21336e-11
1.02 1.03 1.50324e-10
1.03 1.04 2.69446e-10
1.04 1.05 4.73415e-10
1.05 1.06 8.1605e-10
1.06 1.07 1.38119e-09
1.07 1.08 2.29713e-09
1.08 1.09 3.75694e-09
1.09 1.1 6.0465e-09
1.1 1.11 9.58257e-09
1.11 1.12 1.49638e-08
1.12 1.13 2.30383e-08
1.13 1.14 3.49903e-08
1.14 1.15 5.24533e-08
1.15 1.16 7.76515e-08
1.16 1.17 1.13578e-07
1.17 1.18 1.64212e-07
1.18 1.19 2.34791e-07
1.19 1.2 3.32128e-07
1.2 1.21 4.65001e-07
1.21 1.22 6.44607e-07
1.22 1.23 8.85095e-07
1.23 1.24 1.20418e-06
1.24 1.25 1.62386e-06
1.25 1.26 2.1712e-06
1.26 1.27 2.87924e-06
1.27 1.28 3.78802e-06
1.28 1.29 4.94567e-06
1.29 1.3 6.40964e-06
1.3 1.31 4.80597e-06
1.31 1.32 4.54839e-06
1.32 1.33 5.83334e-06
1.33 1.34 7.43123e-06
1.34 1.35 9.40564e-06
1.35 1.36 1.18303e-05
1.36 1.37 1.47901e-05
1.37 1.38 1.83827e-05
1.38 1.39 2.27191e-05
1.39 1.4 2.79253e-05
1.4 1.41 3.41434e-05
1.41 1.42 4.15331e-05
1.42 1.43 5.02726e-05
1.43 1.44 6.05602e-05
1.44 1.45 7.26153e-05
1.45 1.46 8.66798e-05
1.46 1.47 0.000103019
1.47 1.48 0.000121923
1.48 1.49 0.000143709
1.49 1.5 0.000168717
1.5 1.51 0.000197319
1.51 1.52 0.000229912
1.52 1.53 0.000266924
1.53 1.54 0.000308811
1.54 1.55 0.000356061
1.55 1.56 0.000409189
1.56 1.57 0.000468743
1.57 1.58 0.000535299
1.58 1.59 0.000609465
1.59 1.6 0.000691877
1.6 1.61 0.000783203
1.61 1.62 0.000884136
1.62 1.63 0.000995402
1.63 1.64 0.00111775
1.64 1.65 0.00125196
1.65 1.66 0.00139882
1.66 1.67 0.00155917
1.67 1.68 0.00173386
1.68 1.69 0.00192375
1.69 1.7 0.00212973
1.7 1.71 0.0023527
1.71 1.72 0.0025936
1.72 1.73 0.00285334
1.73 1.74 0.00313289
1.74 1.75 0.00343321
1.75 1.76 0.00375525
1.76 1.77 0.00410001
1.77 1.78 0.00446844
1.78 1.79 0.00486153
1.79 1.8 0.00528026
1.8 1.81 0.00572562
1.81 1.82 0.00619859
1.82 1.83 0.00670012
1.83 1.84 0.00723117
1.84 1.85 0.00460213
1.85 1.86 0.0049854
1.86 1.87 0.00539204
1.87 1.88 0.00582286
1.88 1.89 0.00627863
1.89 1.9 0.00676015
1.9 1.91 0.00726819
1.91 1.92 0.0078035
1.92 1.93 0.00836684
1.93 1.94 0.00895893
1.94 1.95 0.00958049
1.95 1.96 0.0102322
1.96 1.97 0.0109147
1.97 1.98 0.0116288
1.98 1.99 0.012375
1.99 2 0.0131539
2 2.01 0.0139661
2.01 2.02 0.0148123
2.02 2.03 0.0156929
2.03 2.04 0.0166085
2.04 2.05 0.0175595
2.05 2.06 0.0185465
2.06 2.07 0.0195698
2.07 2.08 0.0206298
2.08 2.09 0.021727
2.09 2.1 0.0228617
2.1 2.11 0.0240343
2.11 2.12 0.0252449
2.12 2.13 0.026494
2.13 2.14 0.0277817
2.14 2.15 0.0291082
2.15 2.16 0.0304737
2.16 2.17 0.0318784
2.17 2.18 0.0333224
2.18 2.19 0.0348058
2.19 2.2 0.0363287
2.2 2.21 0.037891
2.21 2.22 0.0394929
2.22 2.23 0.0411343
2.23 2.24 0.0428151
2.24 2.25 0.0445354
2.25 2.26 0.0462949
2.26 2.27 0.0480937
2.27 2.28 0.0499315
2.28 2.29 0.0518082
2.29 2.3 0.0537235
2.3 2.31 0.0556775
2.31 2.32 0.0576696
2.32 2.33 0.0596998
2.33 2.34 0.0617678
2.34 2.35 0.0638732
2.35 2.36 0.0660157
2.36 2.37 0.0681951
2.37 2.38 0.0704109
2.38 2.39 0.0726628
2.39 2.4 0.0749505
2.4 2.41 0.0772734
2.41 2.42 0.0796313
2.42 2.43 0.0820237
2.43 2.44 0.0844501
2.44 2.45 0.0869101
2.45 2.46 0.0894032
2.46 2.47 0.0919291
2.47 2.48 0.0786183
2.48 2.49 0.0791817
2.49 2.5 0.081525
2.5 2.51 0.0838996
2.51 2.52 0.086305
2.52 2.53 0.0887405
2.53 2.54 0.0912057
2.54 2.55 0.0937
2.55 2.56 0.0962229
2.56 2.57 0.0987738
2.57 2.58 0.101352
2.58 2.59 0.103957
2.59 2.6 0.106589
2.6 2.61 0.109246
2.61 2.62 0.111929
2.62 2.63 0.114636
2.63 2.64 0.117367
2.64 2.65 0.120121
2.65 2.66 0.122898
2.66 2.67 0.125698
2.67 2.68 0.128519
2.68 2.69 0.13136
2.69 2.7 0.134223
2.7 2.71 0.137105
2.71 2.72 0.140006
2.72 2.73 0.142926
2.73 2.74 0.145864
2.74 2.75 0.148819
2.75 2.76 0.151791
2.76 2.77 0.154779
2.77 2.78 0.157783
2.78 2.79 0.160802
2.79 2.8 0.163836
2.8 2.81 0.166883
2.81 2.82 0.169944
2.82 2.83 0.173018
2.83 2.84 0.176103
2.84 2.85 0.179201
2.85 2.86 0.18231
2.86 2.87 0.185429
2.87 2.88 0.188558
2.88 2.89 0.191697
2.89 2.9 0.194845
2.9 2.91 0.198001
2.91 2.92 0.201165
2.92 2.93 0.204337
2.93 2.94 0.207516
2.94 2.95 0.210701
2.95 2.96 0.213892
2.96 2.97 0.217089
2.97 2.98 0.22029
2.98 2.99 0.223497
2.99 3 0.226707
3 3.01 0.229921
3.01 3.02 0.233138
3.02 3.03 0.236358
3.03 3.04 0.239581
3.04 3.05 0.242805
3.05 3.06 0.246031
3.06 3.07 0.249258
3.07 3.08 0.252486
3.08 3.09 0.255714
3.09 3.1 0.258942
3.1 3.11 0.26217
3.11 3.12 0.265397
3.12 3.13 0.268623
3.13 3.14 0.271847
3.14 3.15 0.275069
3.15 3.16 0.278289
3.16 3.17 0.281507
3.17 3.18 0.284722
3.18 3.19 0.287933
3.19 3.2 0.291141
3.2 3.21 0.294346
3.21 3.22 0.28916
3.22 3.23 0.292344
3.23 3.24 0.295523
3.24 3.25 0.298699
3.25 3.26 0.30187
3.26 3.27 0.305036
3.27 3.28 0.308197
3.28 3.29 0.311353
3.29 3.3 0.314504
3.3 3.31 0.317649
3.31 3.32 0.320788
3.32 3.33 0.323921
3.33 3.34 0.327048
3.34 3.35 0.330167
3.35 3.36 0.33328
3.36 3.37 0.336386
3.37 3.38 0.339485
3.38 3.39 0.342576
3.39 3.4 0.345659
3.4 3.41 0.348735
3.41 3.42 0.351802
3.42 3.43 0.354862
3.43 3.44 0.357913
3.44 3.45 0.360955
3.45 3.46 0.363988
3.46 3.47 0.367013
3.47 3.48 0.370028
3.48 3.49 0.373035
3.49 3.5 0.376032
3.5 3.51 0.379019
3.51 3.52 0.381997
3.52 3.53 0.384965
3.53 3.54 0.387923
3.54 3.55 0.390872
3.55 3.56 0.39381
3.56 3.57 0.396738
3.57 3.58 0.399655
3.58 3.59 0.402562
3.59 3.6 0.405459
3.6 3.61 0.408345
3.61 3.62 0.41122
3.62 3.63 0.414084
3.63 3.64 0.416938
3.64 3.65 0.41978
3.65 3.66 0.422611
3.66 3.67 0.425432
3.67 3.68 0.428241
3.68 3.69 0.431038
3.69 3.7 0.433825
3.7 3.71 0.4366
3.71 3.72 0.439363
3.72 3.73 0.442115
3.73 3.74 0.444855
3.74 3.75 0.447584
3.75 3.76 0.450301
3.76 3.77 0.453007
3.77 3.78 0.4557
3.78 3.79 0.458382
3.79 3.8 0.461052
3.8 3.81 0.46371
3.81 3.82 0.466357
3.82 3.83 0.468991
3.83 3.84 0.471614
3.84 3.85 0.474224
3.85 3.86 0.476823
3.86 3.87 0.479409
3.87 3.88 0.481984
3.88 3.89 0.484546
3.89 3.9 0.487097
3.9 3.91 0.489635
3.91 3.92 0.492161
3.92 3.93 0.494676
3.93 3.94 0.497178
3.94 3.95 0.499668
3.95 3.96 0.502146
3.96 3.97 0.504612
3.97 3.98 0.507066
3.98 3.99 0.509508
3.99 4 0.511938
4 4.01 0.514356
4.01 4.02 0.516761
4.02 4.03 0.519155
4.03 4.04 0.520165
4.04 4.05 0.517126
4.05 4.06 0.51962
4.06 4.07 0.522102
4.07 4.08 0.524571
4.08 4.09 0.527027
4.09 4.1 0.529471
4.1 4.11 0.531903
4.11 4.12 0.534322
4.12 4.13 0.536728
4.13 4.14 0.539122
4.14 4.15 0.541503
4.15 4.16 0.543872
4.16 4.17 0.546228
4.17 4.18 0.548572
4.18 4.19 0.550903
4.19 4.2 0.553223
4.2 4.21 0.555529
4.21 4.22 0.557824
4.22 4.23 0.560106
4.23 4.24 0.562376
4.24 4.25 0.564633
4.25 4.26 0.566879
4.26 4.27 0.569112
4.27 4.28 0.571333
4.28 4.29 0.573542
4.29 4.3 0.575739
4.3 4.31 0.577924
4.31 4.32 0.580097
4.32 4.33 0.582258
4.33 4.34 0.584407
4.34 4.35 0.586544
4.35 4.36 0.588669
4.36 4.37 0.590782
4.37 4.38 0.592884
4.38 4.39 0.594974
4.39 4.4 0.597052
4.4 4.41 0.599119
4.41 4.42 0.601174
4.42 4.43 0.603217
4.43 4.44 0.605249
4.44 4.45 0.60727
4.45 4.46 0.609279
4.46 4.47 0.611277
4.47 4.48 0.613263
4.48 4.49 0.615238
4.49 4.5 0.617202
4.5 4.51 0.619155
4.51 4.52 0.621096
4.52 4.53 0.623027
4.53 4.54 0.624946
4.54 4.55 0.626855
4.55 4.56 0.628752
4.56 4.57 0.630639
4.57 4.58 0.632514
4.58 4.59 0.634379
4.59 4.6 0.636234
4.6 4.61 0.638077
4.61 4.62 0.63991
4.62 4.63 0.641732
4.63 4.64 0.643544
4.64 4.65 0.645345
4.65 4.66 0.647136
4.66 4.67 0.648917
4.67 4.68 0.650687
4.68 4.69 0.652447
4.69 4.7 0.654196
4.7 4.71 0.655936
4.71 4.72 0.657665
4.72 4.73 0.659384
4.73 4.74 0.661093
4.74 4.75 0.662792
4.75 4.76 0.664482
4.76 4.77 0.666161
4.77 4.78 0.667831
4.78 4.79 0.669491
4.79 4.8 0.671141
4.8 4.81 0.672781
4.81 4.82 0.674412
4.82 4.83 0.676033
4.83 4.84 0.677645
4.84 4.85 0.679248
4.85 4.86 0.68084
4.86 4.87 0.682424
4.87 4.88 0.683998
4.88 4.89 0.685563
4.89 4.9 0.687119
4.9 4.91 0.688666
4.91 4.92 0.690204
4.92 4.93 0.691732
4.93 4.94 0.693252
4.94 4.95 0.694762
4.95 4.96 0.696264
4.96 4.97 0.697757
4.97 4.98 0.699241
4.98 4.99 0.700717
4.99 5 0.702183
5 5.01 0.703641
5.01 5.02 0.705091
5.02 5.03 0.706532
5.03 5.04 0.707964
5.04 5.05 0.709388
5.05 5.06 0.710804
5.06 5.07 0.712211
5.07 5.08 0.71361
5.08 5.09 0.715001
5.09 5.1 0.716384
5.1 5.11 0.717758
5.11 5.12 0.719125
5.12 5.13 0.720483
5.13 5.14 0.721833
5.14 5.15 0.723176
5.15 5.16 0.72451
5.16 5.17 0.725837
5.17 5.18 0.727156
5.18 5.19 0.728467
5.19 5.2 0.72977
5.2 5.21 0.731066
5.21 5.22 0.732354
5.22 5.23 0.733634
5.23 5.24 0.734907
5.24 5.25 0.736173
5.25 5.26 0.737431
5.26 5.27 0.738682
5.27 5.28 0.739925
5.28 5.29 0.741161
5.29 5.3 0.74239
5.3 5.31 0.743612
5.31 5.32 0.744826
5.32 5.33 0.746034
5.33 5.34 0.747234
5.34 5.35 0.748427
5.35 5.36 0.749613
5.36 5.37 0.750793
5.37 5.38 0.751965
5.38 5.39 0.753131
5.39 5.4 0.75429
5.4 5.41 0.755441
5.41 5.42 0.756587
5.42 5.43 0.757725
5.43 5.44 0.758857
5.44 5.45 0.759983
5.45 5.46 0.761101
5.46 5.47 0.762214
5.47 5.48 0.76332
5.48 5.49 0.764419
5.49 5.5 0.765512
5.5 5.51 0.766599
5.51 5.52 0.767679
5.52 5.53 0.768753
5.53 5.54 0.769821
5.54 5.55 0.770882
5.55 5.56 0.771938
5.56 5.57 0.772987
5.57 5.58 0.774031
5.58 5.59 0.775068
5.59 5.6 0.776099
5.6 5.61 0.777124
5.61 5.62 0.778144
5.62 5.63 0.779157
5.63 5.64 0.780165
5.64 5.65 0.781167
5.65 5.66 0.782163
5.66 5.67 0.783153
5.67 5.68 0.784137
5.68 5.69 0.785116
5.69 5.7 0.78609
5.7 5.71 0.787058
5.71 5.72 0.78802
5.72 5.73 0.788976
5.73 5.74 0.789928
5.74 5.75 0.790873
5.75 5.76 0.791814
5.76 5.77 0.792749
5.77 5.78 0.793678
5.78 5.79 0.794602
5.79 5.8 0.795521
5.8 5.81 0.796435
5.81 5.82 0.797344
5.82 5.83 0.798247
5.83 5.84 0.799145
5.84 5.85 0.800038
5.85 5.86 0.800926
5.86 5.87 0.801809
5.87 5.88 0.802687
5.88 5.89 0.80356
5.89 5.9 0.804429
5.9 5.91 0.805292
5.91 5.92 0.80615
5.92 5.93 0.807003
5.93 5.94 0.807852
5.94 5.95 0.808696
5.95 5.96 0.809535
5.96 5.97 0.810369
5.97 5.98 0.811199
5.98 5.99 0.812024
5.99 6 0.812844
6 6.01 0.81366
6.01 6.02 0.814471
6.02 6.03 0.815277
6.03 6.04 0.81608
6.04 6.05 0.816877
6.05 6.06 0.81767
6.06 6.07 0.818459
6.07 6.08 0.819243
6.08 6.09 0.820023
6.09 6.1 0.820798
6.1 6.11 0.82157
6.11 6.12 0.822337
6.12 6.13 0.823099
6.13 6.14 0.823858
6.14 6.15 0.824612
6.15 6.16 0.825362
6.16 6.17 0.826108
6.17 6.18 0.82685
6.18 6.19 0.827587
6.19 6.2 0.828321
6.2 6.21 0.82905
6.21 6.22 0.829776
6.22 6.23 0.830497
6.23 6.24 0.831215
6.24 6.25 0.831928
6.25 6.26 0.832638
6.26 6.27 0.833344
6.27 6.28 0.834046
6.28 6.29 0.834743
6.29 6.3 0.835438
6.3 6.31 0.836128
6.31 6.32 0.836815
6.32 6.33 0.837498
6.33 6.34 0.838177
6.34 6.35 0.838852
6.35 6.36 0.839524
6.36 6.37 0.840192
6.37 6.38 0.840856
6.38 6.39 0.841517
6.39 6.4 0.842174
6.4 6.41 0.842828
6.41 6.42 0.843478
6.42 6.43 0.844125
6.43 6.44 0.844768
6.44 6.45 0.845408
6.45 6.46 0.846044
6.46 6.47 0.846676
6.47 6.48 0.847306
6.48 6.49 0.847932
6.49 6.5 0.848554
6.5 6.51 0.849174
6.51 6.52 0.84979
6.52 6.53 0.850402
6.53 6.54 0.851012
6.54 6.55 0.851618
6.55 6.56 0.85222
6.56 6.57 0.85282
6.57 6.58 0.853416
6.58 6.59 0.85401
6.59 6.6 0.8546
6.6 6.61 0.855187
6.61 6.62 0.855771
6.62 6.63 0.856351
6.63 6.64 0.856929
6.64 6.65 0.857503
6.65 6.66 0.858075
6.66 6.67 0.858643
6.67 6.68 0.859209
6.68 6.69 0.859771
6.69 6.7 0.860331
6.7 6.71 0.860887
6.71 6.72 0.861441
6.72 6.73 0.861992
6.73 6.74 0.86254
6.74 6.75 0.863085
6.75 6.76 0.863627
6.76 6.77 0.864166
6.77 6.78 0.864702
6.78 6.79 0.865236
6.79 6.8 0.865767
6.8 6.81 0.866295
6.81 6.82 0.86682
6.82 6.83 0.867343
6.83 6.84 0.867863
6.84 6.85 0.86838
6.85 6.86 0.868894
6.86 6.87 0.869406
6.87 6.88 0.869915
6.88 6.89 0.870422
6.89 6.9 0.870926
6.9 6.91 0.871427
6.91 6.92 0.871926
6.92 6.93 0.872422
6.93 6.94 0.872915
6.94 6.95 0.873406
6.95 6.96 0.873895
6.96 6.97 0.874381
6.97 6.98 0.874864
6.98 6.99 0.875345
6.99 7 0.875824
7 7.01 0.8763
7.01 7.02 0.876774
7.02 7.03 0.877245
7.03 7.04 0.877714
7.04 7.05 0.87818
7.05 7.06 0.878644
7.06 7.07 0.879106
7.07 7.08 0.879565
7.08 7.09 0.880023
7.09 7.1 0.880477
7.1 7.11 0.88093
7.11 7.12 0.799185
7.12 7.13 0.790755
7.13 7.14 0.791467
7.14 7.15 0.792177
7.15 7.16 0.792883
7.16 7.17 0.793586
7.17 7.18 0.794286
7.18 7.19 0.794983
7.19 7.2 0.795677
7.2 7.21 0.796368
7.21 7.22 0.797055
7.22 7.23 0.79774
7.23 7.24 0.798422
7.24 7.25 0.7991
7.25 7.26 0.799776
7.26 7.27 0.800449
7.27 7.28 0.801118
7.28 7.29 0.801785
7.29 7.3 0.802449
7.3 7.31 0.80311
7.31 7.32 0.803768
7.32 7.33 0.804423
7.33 7.34 0.805076
7.34 7.35 0.805725
7.35 7.36 0.806372
7.36 7.37 0.807016
7.37 7.38 0.807656
7.38 7.39 0.808295
7.39 7.4 0.80893
7.4 7.41 0.809563
7.41 7.42 0.810193
7.42 7.43 0.81082
7.43 7.44 0.811444
7.44 7.45 0.812066
7.45 7.46 0.812685
7.46 7.47 0.813302
7.47 7.48 0.813915
7.48 7.49 0.814526
7.49 7.5 0.815135
7.5 7.51 0.81574
7.51 7.52 0.816344
7.52 7.53 0.816944
7.53 7.54 0.817542
7.54 7.55 0.818138
7.55 7.56 0.81873
7.56 7.57 0.819321
7.57 7.58 0.819908
7.58 7.59 0.820494
7.59 7.6 0.821076
7.6 7.61 0.821656
7.61 7.62 0.822234
7.62 7.63 0.822809
7.63 7.64 0.823382
7.64 7.65 0.823953
7.65 7.66 0.824521
7.66 7.67 0.825086
7.67 7.68 0.825649
7.68 7.69 0.82621
7.69 7.7 0.826768
7.7 7.71 0.827324
7.71 7.72 0.827878
7.72 7.73 0.828429
7.73 7.74 0.828978
7.74 7.75 0.829524
7.75 7.76 0.830068
7.76 7.77 0.83061
7.77 7.78 0.83115
7.78 7.79 0.831687
7.79 7.8 0.832222
7.8 7.81 0.832755
7.81 7.82 0.833286
7.82 7.83 0.833814
7.83 7.84 0.83434
7.84 7.85 0.834864
7.85 7.86 0.835386
7.86 7.87 0.835905
7.87 7.88 0.836422
7.88 7.89 0.836938
7.89 7.9 0.837451
7.9 7.91 0.837961
7.91 7.92 0.83847
7.92 7.93 0.838977
7.93 7.94 0.839481
7.94 7.95 0.839984
7.95 7.96 0.840484
7.96 7.97 0.840982
7.97 7.98 0.841478
7.98 7.99 0.841972
7.99 8 0.842464
8 8.01 0.842954
8.01 8.02 0.843442
8.02 8.03 0.843928
8.03 8.04 0.844412
8.04 8.05 0.844894
8.05 8.06 0.845374
8.06 8.07 0.845851
8.07 8.08 0.846327
8.08 8.09 0.846801
8.09 8.1 0.847273
8.1 8.11 0.847744
8.11 8.12 0.848212
8.12 8.13 0.848678
8.13 8.14 0.849142
8.14 8.15 0.849605
8.15 8.16 0.850065
8.16 8.17 0.850524
8.17 8.18 0.85098
8.18 8.19 0.851435
8.19 8.2 0.851888
8.2 8.21 0.852339
8.21 8.22 0.852789
8.22 8.23 0.853236
8.23 8.24 0.853682
8.24 8.25 0.854126
8.25 8.26 0.854568
8.26 8.27 0.855008
8.27 8.28 0.855446
8.28 8.29 0.855883
8.29 8.3 0.856318
8.3 8.31 0.856751
8.31 8.32 0.857183
8.32 8.33 0.857612
8.33 8.34 0.854755
8.34 8.35 0.854835
8.35 8.36 0.855279
8.36 8.37 0.855721
8.37 8.38 0.856162
8.38 8.39 0.8566
8.39 8.4 0.857037
8.4 8.41 0.857472
8.41 8.42 0.857906
8.42 8.43 0.858337
8.43 8.44 0.858767
8.44 8.45 0.859195
8.45 8.46 0.859622
8.46 8.47 0.860046
8.47 8.48 0.860469
8.48 8.49 0.860891
8.49 8.5 0.86131
8.5 8.51 0.861728
8.51 8.52 0.862144
8.52 8.53 0.862559
8.53 8.54 0.862972
8.54 8.55 0.863383
8.55 8.56 0.863792
8.56 8.57 0.8642
8.57 8.58 0.864607
8.58 8.59 0.865011
8.59 8.6 0.865415
8.6 8.61 0.865816
8.61 8.62 0.866216
8.62 8.63 0.866614
8.63 8.64 0.867011
8.64 8.65 0.867406
8.65 8.66 0.8678
8.66 8.67 0.868191
8.67 8.68 0.868582
8.68 8.69 0.868971
8.69 8.7 0.869358
8.7 8.71 0.869744
8.71 8.72 0.870128
8.72 8.73 0.870511
8.73 8.74 0.870893
8.74 8.75 0.871272
8.75 8.76 0.871651
8.76 8.77 0.872027
8.77 8.78 0.872403
8.78 8.79 0.872777
8.79 8.8 0.873149
8.8 8.81 0.87352
8.81 8.82 0.873889
8.82 8.83 0.874257
8.83 8.84 0.874624
8.84 8.85 0.874989
8.85 8.86 0.875353
8.86 8.87 0.875715
8.87 8.88 0.876076
8.88 8.89 0.876436
8.89 8.9 0.876794
8.9 8.91 0.877151
8.91 8.92 0.877506
8.92 8.93 0.87786
8.93 8.94 0.878213
8.94 8.95 0.878564
8.95 8.96 0.878914
8.96 8.97 0.879262
8.97 8.98 0.879609
8.98 8.99 0.879955
8.99 9 0.8803
9 9.01 0.880643
9.01 9.02 0.880985
9.02 9.03 0.881325
9.03 9.04 0.881664
9.04 9.05 0.882002
9.05 9.06 0.882339
9.06 9.07 0.882674
9.07 9.08 0.883008
9.08 9.09 0.883341
9.09 9.1 0.883673
9.1 9.11 0.884003
9.11 9.12 0.884332
9.12 9.13 0.88466
9.13 9.14 0.884986
9.14 9.15 0.885311
9.15 9.16 0.885635
9.16 9.17 0.885958
9.17 9.18 0.88628
9.18 9.19 0.8866
9.19 9.2 0.886919
9.2 9.21 0.887237
9.21 9.22 0.887554
9.22 9.23 0.887869
9.23 9.24 0.888183
9.24 9.25 0.888497
9.25 9.26 0.888808
9.26 9.27 0.889119
9.27 9.28 0.889429
9.28 9.29 0.889737
9.29 9.3 0.890045
9.3 9.31 0.890351
9.31 9.32 0.890656
9.32 9.33 0.890959
9.33 9.34 0.891262
9.34 9.35 0.891564
9.35 9.36 0.891864
9.36 9.37 0.892163
9.37 9.38 0.892462
9.38 9.39 0.892759
9.39 9.4 0.893055
9.4 9.41 0.893349
9.41 9.42 0.893643
9.42 9.43 0.893936
9.43 9.44 0.894227
9.44 9.45 0.894518
9.45 9.46 0.894807
9.46 9.47 0.895096
9.47 9.48 0.895383
9.48 9.49 0.895669
9.49 9.5 0.895954
9.5 9.51 0.896239
9.51 9.52 0.896522
9.52 9.53 0.896804
9.53 9.54 0.897085
9.54 9.55 0.897364
9.55 9.56 0.897643
9.56 9.57 0.897921
9.57 9.58 0.898198
9.58 9.59 0.898474
9.59 9.6 0.898749
9.6 9.61 0.899023
9.61 9.62 0.899296
9.62 9.63 0.899567
9.63 9.64 0.899838
9.64 9.65 0.900108
9.65 9.66 0.900377
9.66 9.67 0.900645
9.67 9.68 0.900912
9.68 9.69 0.901178
9.69 9.7 0.901443
9.7 9.71 0.901707
9.71 9.72 0.90197
9.72 9.73 0.902232
9.73 9.74 0.902493
9.74 9.75 0.902753
9.75 9.76 0.903013
9.76 9.77 0.903271
9.77 9.78 0.903528
9.78 9.79 0.903785
9.79 9.8 0.90404
9.8 9.81 0.904295
9.81 9.82 0.904549
9.82 9.83 0.904801
9.83 9.84 0.905053
9.84 9.85 0.905304
9.85 9.86 0.905554
9.86 9.87 0.905804
9.87 9.88 0.906052
9.88 9.89 0.906299
9.89 9.9 0.906546
9.9 9.91 0.906791
9.91 9.92 0.907036
9.92 9.93 0.90728
9.93 9.94 0.907523
9.94 9.95 0.907765
9.95 9.96 0.908007
9.96 9.97 0.908247
9.97 9.98 0.908487
9.98 9.99 0.908725
9.99 10 0.908963
10 10.01 0.909212
10.01 10.02 0.909471
10.02 10.03 0.909729
10.03 10.04 0.909986
10.04 10.05 0.910242
10.05 10.06 0.910497
10.06 10.07 0.910752
10.07 10.08 0.911005
10.08 10.09 0.911257
10.09 10.1 0.911509
10.1 10.11 0.911759
10.11 10.12 0.912009
10.12 10.13 0.912257
10.13 10.14 0.912505
10.14 10.15 0.912752
10.15 10.16 0.912998
10.16 10.17 0.913243
10.17 10.18 0.913487
10.18 10.19 0.91373
10.19 10.2 0.913973
10.2 10.21 0.914214
10.21 10.22 0.914455
10.22 10.23 0.914695
10.23 10.24 0.914933
10.24 10.25 0.915171
10.25 10.26 0.915408
10.26 10.27 0.915645
10.27 10.28 0.91588
10.28 10.29 0.916115
10.29 10.3 0.916348
10.3 10.31 0.916581
10.31 10.32 0.916813
10.32 10.33 0.917045
10.33 10.34 0.917275
10.34 10.35 0.917504
10.35 10.36 0.917733
10.36 10.37 0.917961
10.37 10.38 0.918188
10.38 10.39 0.918414
10.39 10.4 0.918639
10.4 10.41 0.918864
10.41 10.42 0.919088
10.42 10.43 0.919311
10.43 10.44 0.919533
10.44 10.45 0.919754
10.45 10.46 0.919975
10.46 10.47 0.920195
10.47 10.48 0.920414
10.48 10.49 0.920632
10.49 10.5 0.920849
10.5 10.51 0.921066
10.51 10.52 0.921282
10.52 10.53 0.921497
10.53 10.54 0.921711
10.54 10.55 0.921925
10.55 10.56 0.922138
10.56 10.57 0.92235
10.57 10.58 0.922561
10.58 10.59 0.922772
10.59 10.6 0.922982
10.6 10.61 0.923191
10.61 10.62 0.923399
10.62 10.63 0.923607
10.63 10.64 0.923814
10.64 10.65 0.92402
10.65 10.66 0.924225
10.66 10.67 0.92443
10.67 10.68 0.924634
10.68 10.69 0.924837
10.69 10.7 0.92504
10.7 10.71 0.925241
10.71 10.72 0.925442
10.72 10.73 0.925643
10.73 10.74 0.925843
10.74 10.75 0.926042
10.75 10.76 0.92624
10.76 10.77 0.926438
10.77 10.78 0.926634
10.78 10.79 0.926831
10.79 10.8 0.927026
10.8 10.81 0.927221
10.81 10.82 0.927415
10.82 10.83 0.927609
10.83 10.84 0.927802
10.84 10.85 0.927994
10.85 10.86 0.928185
10.86 10.87 0.928376
10.87 10.88 0.928566
10.88 10.89 0.928756
10.89 10.9 0.928945
10.9 10.91 0.929133
10.91 10.92 0.929321
10.92 10.93 0.929507
10.93 10.94 0.929694
10.94 10.95 0.929879
10.95 10.96 0.930064
10.96 10.97 0.930249
10.97 10.98 0.930432
10.98 10.99 0.930615
10.99 11 0.930798
