#   E    0.0     0.5      1.0      1.5      2.0      2.5      3.0      3.5      4.0      4.5      5.0      5.5      6.0      6.5      7.0      7.5      8.0      8.5 
#  0.0   1.0   0.9995   0.9942   0.9788   0.9603   0.9403   0.9175   0.8915   0.8665   0.8404   0.8132   0.7850   0.7569   0.7309   0.7021   0.6737   0.6480   0.6176 
  1.0   1.0   0.9996   0.9943   0.9785   0.9599   0.9397   0.9167   0.8906   0.8653   0.8389   0.8114   0.7829   0.7547   0.7284   0.6992   0.6705   0.6446   0.6140 
  1.1   1.0   0.9996   0.9943   0.9786   0.9599   0.9398   0.9168   0.8907   0.8655   0.8391   0.8117   0.7832   0.7550   0.7288   0.6996   0.6710   0.6451   0.6146 
  1.2   1.0   0.9996   0.9943   0.9786   0.9600   0.9398   0.9169   0.8908   0.8656   0.8392   0.8118   0.7834   0.7552   0.7290   0.6998   0.6712   0.6453   0.6148 
  1.3   1.0   0.9996   0.9943   0.9786   0.9600   0.9398   0.9169   0.8908   0.8656   0.8393   0.8119   0.7834   0.7553   0.7291   0.6999   0.6713   0.6454   0.6149 
  1.4   1.0   0.9996   0.9943   0.9786   0.9600   0.9398   0.9169   0.8908   0.8657   0.8393   0.8119   0.7835   0.7553   0.7291   0.7000   0.6714   0.6455   0.6150 
  1.5   1.0   0.9996   0.9943   0.9786   0.9600   0.9399   0.9169   0.8909   0.8657   0.8393   0.8119   0.7835   0.7553   0.7292   0.7000   0.6715   0.6456   0.6151 
  1.6   1.0   0.9996   0.9943   0.9786   0.9600   0.9399   0.9169   0.8909   0.8657   0.8393   0.8119   0.7835   0.7554   0.7292   0.7001   0.6715   0.6456   0.6151 
  1.7   1.0   0.9995   0.9943   0.9786   0.9600   0.9399   0.9169   0.8909   0.8657   0.8394   0.8120   0.7836   0.7554   0.7292   0.7001   0.6715   0.6456   0.6151 
  1.8   1.0   0.9995   0.9943   0.9786   0.9600   0.9399   0.9170   0.8909   0.8657   0.8394   0.8120   0.7836   0.7554   0.7292   0.7001   0.6715   0.6457   0.6151 
  1.9   1.0   0.9995   0.9943   0.9786   0.9600   0.9399   0.9170   0.8909   0.8657   0.8394   0.8120   0.7836   0.7554   0.7292   0.7001   0.6715   0.6457   0.6151 
  2.0   1.0   0.9995   0.9943   0.9786   0.9600   0.9399   0.9169   0.8909   0.8657   0.8394   0.8120   0.7836   0.7554   0.7292   0.7001   0.6715   0.6457   0.6151 
  2.1   1.0   0.9995   0.9943   0.9786   0.9600   0.9399   0.9169   0.8909   0.8657   0.8393   0.8120   0.7836   0.7554   0.7292   0.7001   0.6715   0.6456   0.6151 
  2.2   1.0   0.9995   0.9943   0.9786   0.9600   0.9399   0.9169   0.8909   0.8657   0.8393   0.8119   0.7835   0.7554   0.7292   0.7001   0.6715   0.6456   0.6151 
  2.3   1.0   0.9995   0.9943   0.9786   0.9600   0.9399   0.9169   0.8909   0.8657   0.8393   0.8119   0.7835   0.7553   0.7291   0.7000   0.6715   0.6456   0.6151 
  2.4   1.0   0.9995   0.9943   0.9786   0.9600   0.9399   0.9169   0.8908   0.8656   0.8393   0.8119   0.7835   0.7553   0.7291   0.7000   0.6714   0.6456   0.6150 
  2.5   1.0   0.9995   0.9943   0.9786   0.9600   0.9398   0.9169   0.8908   0.8656   0.8393   0.8119   0.7835   0.7553   0.7291   0.7000   0.6714   0.6455   0.6150 
  2.6   1.0   0.9995   0.9943   0.9786   0.9600   0.9398   0.9169   0.8908   0.8656   0.8393   0.8119   0.7834   0.7552   0.7290   0.6999   0.6713   0.6455   0.6149 
  2.7   1.0   0.9995   0.9943   0.9786   0.9600   0.9398   0.9169   0.8908   0.8656   0.8392   0.8118   0.7834   0.7552   0.7290   0.6999   0.6713   0.6454   0.6149 
  2.8   1.0   0.9995   0.9943   0.9786   0.9600   0.9398   0.9169   0.8908   0.8656   0.8392   0.8118   0.7834   0.7551   0.7289   0.6998   0.6712   0.6454   0.6148 
  2.9   1.0   0.9995   0.9943   0.9786   0.9600   0.9398   0.9169   0.8908   0.8655   0.8392   0.8117   0.7833   0.7551   0.7289   0.6998   0.6712   0.6453   0.6147 
  3.0   1.0   0.9995   0.9942   0.9786   0.9600   0.9398   0.9168   0.8907   0.8655   0.8391   0.8117   0.7833   0.7550   0.7288   0.6997   0.6711   0.6452   0.6146 
  3.1   1.0   0.9995   0.9942   0.9786   0.9600   0.9398   0.9168   0.8907   0.8655   0.8391   0.8117   0.7832   0.7550   0.7287   0.6996   0.6710   0.6451   0.6146 
  3.2   1.0   0.9995   0.9942   0.9786   0.9599   0.9398   0.9168   0.8907   0.8654   0.8390   0.8116   0.7832   0.7549   0.7287   0.6995   0.6709   0.6450   0.6144 
  3.3   1.0   0.9995   0.9942   0.9786   0.9599   0.9397   0.9168   0.8906   0.8654   0.8390   0.8115   0.7831   0.7548   0.7286   0.6994   0.6708   0.6449   0.6143 
  3.4   1.0   0.9995   0.9942   0.9786   0.9599   0.9397   0.9167   0.8906   0.8653   0.8389   0.8115   0.7830   0.7547   0.7285   0.6993   0.6707   0.6448   0.6142 
  3.5   1.0   0.9995   0.9942   0.9786   0.9599   0.9397   0.9167   0.8906   0.8653   0.8389   0.8114   0.7829   0.7546   0.7284   0.6992   0.6705   0.6446   0.6140 
  3.6   1.0   0.9995   0.9942   0.9786   0.9599   0.9397   0.9167   0.8905   0.8652   0.8388   0.8113   0.7828   0.7545   0.7283   0.6991   0.6704   0.6445   0.6139 
  3.7   1.0   0.9995   0.9942   0.9786   0.9599   0.9397   0.9166   0.8905   0.8652   0.8387   0.8112   0.7827   0.7544   0.7281   0.6989   0.6702   0.6443   0.6137 
  3.8   1.0   0.9995   0.9942   0.9785   0.9599   0.9396   0.9166   0.8904   0.8651   0.8386   0.8111   0.7826   0.7543   0.7280   0.6988   0.6701   0.6441   0.6135 
  3.9   1.0   0.9995   0.9942   0.9785   0.9598   0.9396   0.9166   0.8904   0.8650   0.8386   0.8110   0.7825   0.7541   0.7278   0.6986   0.6699   0.6439   0.6133 
  4.0   1.0   0.9995   0.9942   0.9785   0.9598   0.9396   0.9165   0.8903   0.8649   0.8385   0.8109   0.7823   0.7540   0.7276   0.6984   0.6696   0.6436   0.6130 
  4.1   1.0   0.9995   0.9942   0.9785   0.9598   0.9395   0.9165   0.8902   0.8649   0.8383   0.8108   0.7822   0.7538   0.7274   0.6981   0.6694   0.6434   0.6127 
  4.2   1.0   0.9995   0.9942   0.9785   0.9598   0.9395   0.9164   0.8901   0.8648   0.8382   0.8106   0.7820   0.7536   0.7272   0.6979   0.6691   0.6431   0.6124 
  4.3   1.0   0.9995   0.9942   0.9785   0.9597   0.9394   0.9163   0.8900   0.8646   0.8381   0.8104   0.7818   0.7534   0.7269   0.6976   0.6688   0.6427   0.6120 
  4.4   1.0   0.9995   0.9942   0.9785   0.9597   0.9394   0.9162   0.8899   0.8645   0.8379   0.8102   0.7816   0.7531   0.7266   0.6973   0.6684   0.6423   0.6116 
  4.5   1.0   0.9995   0.9942   0.9784   0.9596   0.9393   0.9162   0.8898   0.8644   0.8377   0.8100   0.7813   0.7528   0.7263   0.6969   0.6680   0.6418   0.6110 
  4.6   1.0   0.9995   0.9942   0.9784   0.9596   0.9392   0.9161   0.8897   0.8642   0.8375   0.8098   0.7810   0.7525   0.7259   0.6964   0.6675   0.6413   0.6105 
  4.7   1.0   0.9995   0.9942   0.9784   0.9595   0.9392   0.9159   0.8896   0.8640   0.8373   0.8095   0.7807   0.7521   0.7255   0.6959   0.6669   0.6407   0.6097 
  4.8   1.0   0.9995   0.9941   0.9783   0.9595   0.9391   0.9158   0.8894   0.8638   0.8370   0.8091   0.7803   0.7516   0.7249   0.6953   0.6662   0.6399   0.6089 
  4.9   1.0   0.9995   0.9941   0.9783   0.9594   0.9390   0.9157   0.8892   0.8635   0.8367   0.8088   0.7798   0.7511   0.7243   0.6946   0.6654   0.6389   0.6078 
  5.0   1.0   0.9995   0.9941   0.9783   0.9593   0.9388   0.9155   0.8890   0.8632   0.8363   0.8083   0.7793   0.7504   0.7235   0.6937   0.6644   0.6378   0.6065 
  5.1   1.0   0.9995   0.9941   0.9782   0.9592   0.9387   0.9153   0.8887   0.8629   0.8359   0.8077   0.7786   0.7497   0.7226   0.6926   0.6631   0.6362   0.6046 
  5.2   1.0   0.9995   0.9941   0.9781   0.9591   0.9385   0.9151   0.8884   0.8625   0.8353   0.8071   0.7778   0.7487   0.7214   0.6911   0.6613   0.6341   0.6019 
  5.3   1.0   0.9995   0.9940   0.9781   0.9590   0.9383   0.9148   0.8880   0.8619   0.8347   0.8062   0.7767   0.7474   0.7199   0.6891   0.6588   0.6308   0.5978 
  5.4   1.0   0.9995   0.9940   0.9780   0.9588   0.9381   0.9144   0.8875   0.8613   0.8338   0.8052   0.7754   0.7457   0.7176   0.6862   0.6549   0.6259   0.5919 
  5.5   1.0   0.9995   0.9940   0.9779   0.9587   0.9378   0.9140   0.8869   0.8605   0.8327   0.8037   0.7735   0.7432   0.7143   0.6816   0.6492   0.6188   0.5839 
  5.6   1.0   0.9995   0.9939   0.9777   0.9584   0.9374   0.9134   0.8861   0.8594   0.8312   0.8017   0.7706   0.7393   0.7091   0.6750   0.6412   0.6097   0.5740 
  5.7   1.0   0.9995   0.9938   0.9776   0.9581   0.9368   0.9126   0.8850   0.8579   0.8290   0.7984   0.7661   0.7334   0.7014   0.6658   0.6310   0.5987   0.5625 
  5.8   1.0   0.9994   0.9937   0.9773   0.9577   0.9362   0.9116   0.8834   0.8555   0.8255   0.7934   0.7593   0.7248   0.6912   0.6544   0.6188   0.5861   0.5495 
  5.9   1.0   0.9994   0.9936   0.9770   0.9571   0.9352   0.9100   0.8809   0.8517   0.8199   0.7857   0.7496   0.7135   0.6786   0.6409   0.6049   0.5720   0.5354 
  6.0   1.0   0.9994   0.9934   0.9766   0.9562   0.9336   0.9074   0.8767   0.8456   0.8115   0.7751   0.7371   0.6999   0.6641   0.6258   0.5895   0.5567   0.5203 
  6.1   1.0   0.9993   0.9931   0.9758   0.9547   0.9308   0.9030   0.8702   0.8366   0.8000   0.7617   0.7224   0.6844   0.6480   0.6093   0.5731   0.5405   0.5044 
  6.2   1.0   0.9992   0.9927   0.9745   0.9521   0.9261   0.8960   0.8606   0.8244   0.7857   0.7460   0.7059   0.6674   0.6306   0.5918   0.5558   0.5235   0.4879 
  6.3   1.0   0.9990   0.9916   0.9721   0.9475   0.9189   0.8859   0.8479   0.8096   0.7694   0.7287   0.6880   0.6492   0.6124   0.5736   0.5379   0.5062   0.4711 
  6.4   1.0   0.9986   0.9897   0.9681   0.9408   0.9089   0.8731   0.8332   0.7930   0.7517   0.7104   0.6694   0.6306   0.5937   0.5552   0.5200   0.4889   0.4543 
  6.5   1.0   0.9981   0.9873   0.9630   0.9323   0.8975   0.8594   0.8181   0.7764   0.7344   0.6926   0.6514   0.6127   0.5759   0.5377   0.5030   0.4724   0.4385 
  6.6   1.0   0.9977   0.9850   0.9576   0.9239   0.8869   0.8469   0.8044   0.7615   0.7189   0.6767   0.6354   0.5966   0.5599   0.5221   0.4878   0.4576   0.4245 
  6.7   1.0   0.9971   0.9825   0.9526   0.9169   0.8781   0.8367   0.7933   0.7493   0.7062   0.6635   0.6219   0.5832   0.5465   0.5088   0.4748   0.4449   0.4126 
  6.8   1.0   0.9965   0.9809   0.9493   0.9122   0.8722   0.8296   0.7851   0.7403   0.6965   0.6532   0.6111   0.5725   0.5356   0.4981   0.4641   0.4345   0.4028 
  6.9   1.0   0.9964   0.9806   0.9479   0.9097   0.8687   0.8251   0.7794   0.7338   0.6894   0.6453   0.6026   0.5638   0.5267   0.4893   0.4552   0.4257   0.3946 
  7.0   1.0   0.9962   0.9805   0.9470   0.9079   0.8660   0.8214   0.7746   0.7283   0.6831   0.6384   0.5950   0.5560   0.5187   0.4812   0.4471   0.4177   0.3871 
  7.1   1.0   0.9962   0.9802   0.9459   0.9060   0.8633   0.8177   0.7701   0.7230   0.6769   0.6316   0.5876   0.5482   0.5108   0.4732   0.4391   0.4099   0.3798 
  7.2   1.0   0.9962   0.9797   0.9445   0.9038   0.8603   0.8138   0.7653   0.7175   0.6705   0.6246   0.5800   0.5404   0.5028   0.4650   0.4311   0.4020   0.3724 
  7.3   1.0   0.9961   0.9789   0.9428   0.9011   0.8568   0.8094   0.7600   0.7115   0.6637   0.6173   0.5722   0.5323   0.4946   0.4566   0.4229   0.3938   0.3651 
  7.4   1.0   0.9961   0.9782   0.9409   0.8980   0.8529   0.8046   0.7542   0.7050   0.6566   0.6095   0.5639   0.5239   0.4861   0.4479   0.4145   0.3855   0.3576 
  7.5   1.0   0.9960   0.9774   0.9388   0.8945   0.8484   0.7994   0.7478   0.6978   0.6490   0.6011   0.5552   0.5148   0.4772   0.4387   0.4058   0.3770   0.3499 
  7.6   1.0   0.9959   0.9764   0.9363   0.8907   0.8435   0.7934   0.7409   0.6898   0.6407   0.5920   0.5457   0.5052   0.4677   0.4290   0.3965   0.3680   0.3419 
  7.7   1.0   0.9958   0.9752   0.9336   0.8868   0.8381   0.7868   0.7331   0.6812   0.6314   0.5821   0.5355   0.4949   0.4575   0.4186   0.3867   0.3587   0.3337 
  7.8   1.0   0.9955   0.9738   0.9306   0.8824   0.8322   0.7794   0.7246   0.6718   0.6210   0.5714   0.5244   0.4835   0.4464   0.4075   0.3763   0.3490   0.3253 
  7.9   1.0   0.9950   0.9724   0.9271   0.8774   0.8256   0.7710   0.7152   0.6613   0.6092   0.5595   0.5119   0.4709   0.4340   0.3956   0.3652   0.3389   0.3164 
  8.0   1.0   0.9947   0.9710   0.9234   0.8717   0.8179   0.7615   0.7044   0.6494   0.5955   0.5458   0.4976   0.4567   0.4202   0.3828   0.3535   0.3282   0.3070 
  8.1   1.0   0.9946   0.9692   0.9192   0.8652   0.8084   0.7500   0.6911   0.6348   0.5790   0.5290   0.4804   0.4397   0.4040   0.3684   0.3407   0.3165   0.2966 
  8.2   1.0   0.9943   0.9663   0.9128   0.8554   0.7950   0.7328   0.6712   0.6127   0.5549   0.5043   0.4558   0.4163   0.3825   0.3497   0.3243   0.3015   0.2831 
  8.3   1.0   0.9928   0.9588   0.8978   0.8334   0.7664   0.6962   0.6288   0.5667   0.5062   0.4568   0.4121   0.3782   0.3474   0.3191   0.2973   0.2763   0.2605 
  8.4   1.0   0.9967   0.9729   0.9243   0.8716   0.8143   0.7528   0.6915   0.6368   0.5839   0.5370   0.4925   0.4575   0.4238   0.3916   0.3660   0.3406   0.3204 
  8.5   1.0   0.9974   0.9770   0.9333   0.8852   0.8324   0.7744   0.7154   0.6601   0.6051   0.5558   0.5087   0.4705   0.4351   0.4006   0.3731   0.3471   0.3259 
  8.6   1.0   0.9973   0.9766   0.9325   0.8839   0.8307   0.7723   0.7129   0.6573   0.6020   0.5527   0.5055   0.4674   0.4320   0.3976   0.3703   0.3444   0.3234 
  8.7   1.0   0.9972   0.9759   0.9309   0.8815   0.8273   0.7680   0.7080   0.6520   0.5964   0.5471   0.5000   0.4622   0.4271   0.3931   0.3661   0.3405   0.3198 
  8.8   1.0   0.9970   0.9750   0.9290   0.8785   0.8232   0.7630   0.7021   0.6456   0.5899   0.5406   0.4938   0.4564   0.4216   0.3880   0.3615   0.3362   0.3159 
  8.9   1.0   0.9968   0.9740   0.9269   0.8752   0.8187   0.7573   0.6956   0.6386   0.5827   0.5336   0.4871   0.4502   0.4158   0.3828   0.3567   0.3317   0.3118 
  9.0   1.0   0.9965   0.9729   0.9245   0.8714   0.8136   0.7510   0.6884   0.6311   0.5751   0.5262   0.4802   0.4438   0.4098   0.3773   0.3518   0.3271   0.3075 
  9.1   1.0   0.9963   0.9717   0.9218   0.8674   0.8081   0.7443   0.6808   0.6231   0.5672   0.5187   0.4731   0.4374   0.4038   0.3719   0.3469   0.3225   0.3033 
  9.2   1.0   0.9960   0.9703   0.9190   0.8630   0.8022   0.7372   0.6728   0.6148   0.5591   0.5110   0.4660   0.4309   0.3977   0.3665   0.3420   0.3179   0.2991 
  9.3   1.0   0.9956   0.9688   0.9159   0.8582   0.7959   0.7296   0.6644   0.6063   0.5509   0.5034   0.4589   0.4246   0.3918   0.3612   0.3372   0.3134   0.2949 
  9.4   1.0   0.9953   0.9672   0.9126   0.8532   0.7893   0.7218   0.6558   0.5977   0.5428   0.4959   0.4521   0.4184   0.3861   0.3561   0.3326   0.3091   0.2909 
  9.5   1.0   0.9949   0.9655   0.9091   0.8479   0.7822   0.7136   0.6470   0.5891   0.5348   0.4886   0.4454   0.4124   0.3805   0.3511   0.3281   0.3049   0.2870 
  9.6   1.0   0.9945   0.9637   0.9053   0.8421   0.7748   0.7052   0.6380   0.5805   0.5270   0.4814   0.4390   0.4067   0.3752   0.3464   0.3238   0.3008   0.2832 
  9.7   1.0   0.9940   0.9617   0.9013   0.8361   0.7671   0.6967   0.6292   0.5723   0.5196   0.4748   0.4329   0.4013   0.3703   0.3420   0.3198   0.2971   0.2797 
  9.8   1.0   0.9935   0.9596   0.8970   0.8298   0.7592   0.6880   0.6204   0.5643   0.5125   0.4684   0.4272   0.3962   0.3656   0.3379   0.3160   0.2936   0.2764 
  9.9   1.0   0.9929   0.9573   0.8925   0.8231   0.7510   0.6794   0.6119   0.5567   0.5059   0.4625   0.4219   0.3916   0.3614   0.3342   0.3126   0.2904   0.2734 
 10.0   1.0   0.9923   0.9548   0.8878   0.8163   0.7428   0.6711   0.6039   0.5497   0.5000   0.4572   0.4173   0.3875   0.3576   0.3309   0.3096   0.2876   0.2708 
 10.1   1.0   0.9916   0.9522   0.8828   0.8093   0.7347   0.6630   0.5964   0.5434   0.4946   0.4526   0.4131   0.3839   0.3544   0.3281   0.3071   0.2851   0.2685 
 10.2   1.0   0.9908   0.9494   0.8777   0.8023   0.7268   0.6556   0.5898   0.5379   0.4901   0.4487   0.4098   0.3810   0.3518   0.3259   0.3050   0.2832   0.2667 
 10.3   1.0   0.9900   0.9465   0.8725   0.7954   0.7195   0.6490   0.5841   0.5333   0.4866   0.4456   0.4072   0.3788   0.3500   0.3243   0.3036   0.2819   0.2654 
 10.4   1.0   0.9891   0.9435   0.8672   0.7887   0.7128   0.6434   0.5794   0.5298   0.4840   0.4436   0.4055   0.3774   0.3489   0.3234   0.3029   0.2811   0.2647 
 10.5   1.0   0.9882   0.9405   0.8623   0.7828   0.7073   0.6391   0.5763   0.5278   0.4828   0.4428   0.4050   0.3772   0.3489   0.3234   0.3030   0.2812   0.2648 
 10.6   1.0   0.9873   0.9375   0.8577   0.7777   0.7031   0.6363   0.5746   0.5271   0.4829   0.4433   0.4057   0.3780   0.3499   0.3244   0.3040   0.2821   0.2657 
 10.7   1.0   0.9865   0.9348   0.8538   0.7740   0.7006   0.6354   0.5748   0.5283   0.4847   0.4454   0.4080   0.3803   0.3522   0.3266   0.3062   0.2841   0.2677 
 10.8   1.0   0.9857   0.9324   0.8509   0.7720   0.7003   0.6367   0.5772   0.5315   0.4885   0.4493   0.4119   0.3841   0.3561   0.3302   0.3097   0.2873   0.2707 
 10.9   1.0   0.9851   0.9307   0.8495   0.7723   0.7026   0.6405   0.5822   0.5371   0.4946   0.4554   0.4179   0.3899   0.3618   0.3355   0.3147   0.2920   0.2752 
 11.0   1.0   0.9847   0.9301   0.8500   0.7754   0.7079   0.6473   0.5900   0.5455   0.5032   0.4639   0.4262   0.3979   0.3695   0.3427   0.3214   0.2983   0.2812 
 11.1   1.0   0.9847   0.9308   0.8531   0.7817   0.7166   0.6576   0.6013   0.5572   0.5150   0.4754   0.4373   0.4085   0.3797   0.3522   0.3304   0.3067   0.2891 
 11.2   1.0   0.9852   0.9332   0.8590   0.7916   0.7292   0.6716   0.6163   0.5724   0.5301   0.4901   0.4515   0.4219   0.3926   0.3643   0.3416   0.3172   0.2991 
 11.3   1.0   0.9863   0.9377   0.8684   0.8057   0.7463   0.6901   0.6356   0.5918   0.5493   0.5087   0.4693   0.4388   0.4089   0.3795   0.3557   0.3305   0.3117 
 11.4   1.0   0.9880   0.9445   0.8814   0.8240   0.7678   0.7131   0.6595   0.6156   0.5727   0.5313   0.4909   0.4593   0.4286   0.3979   0.3728   0.3465   0.3269 
 11.5   1.0   0.9905   0.9539   0.8982   0.8467   0.7942   0.7411   0.6884   0.6444   0.6008   0.5585   0.5170   0.4839   0.4522   0.4200   0.3934   0.3658   0.3451 
 11.6   1.0   0.9938   0.9656   0.9186   0.8737   0.8253   0.7740   0.7223   0.6781   0.6338   0.5903   0.5474   0.5129   0.4799   0.4459   0.4175   0.3885   0.3665 
 11.7   1.0   0.9980   0.9794   0.9419   0.9043   0.8607   0.8115   0.7610   0.7165   0.6715   0.6268   0.5824   0.5460   0.5117   0.4757   0.4452   0.4145   0.3911 
 11.8   1.0   1.0028   0.9944   0.9673   0.9380   0.8998   0.8532   0.8041   0.7596   0.7138   0.6677   0.6217   0.5835   0.5476   0.5093   0.4764   0.4440   0.4189 
 11.9   1.0   1.0076   1.0094   0.9932   0.9727   0.9408   0.8973   0.8502   0.8058   0.7594   0.7119   0.6642   0.6241   0.5865   0.5458   0.5105   0.4760   0.4490 
 12.0   1.0   1.0120   1.0234   1.0183   1.0074   0.9827   0.9431   0.8984   0.8546   0.8078   0.7591   0.7097   0.6676   0.6284   0.5850   0.5471   0.5105   0.4815 

