      90.0000      60.0000
       1    0.0010000000      0.69913174
    -0.500000    -0.428571    0.0122641     0.834403      73.2132
    -0.428571    -0.357143    0.0132255     0.831770      73.0945
    -0.357143    -0.285714    0.0140830     0.833223      73.2581
    -0.285714    -0.214286    0.0146107     0.841478      73.4633
    -0.214286    -0.142857    0.0148050     0.852013      73.3283
    -0.142857   -0.0714285    0.0146229     0.853252      73.2305
   -0.0714285      0.00000    0.0140022     0.858151      73.3032
      0.00000    0.0714285    0.0128830     0.859086      73.2897
    0.0714285     0.142857    0.0111276     0.861272      73.2489
     0.142857     0.214286   0.00886274     0.862073      73.2766
     0.214286     0.285714   0.00659438     0.854348      73.3218
     0.285714     0.357143   0.00459408     0.840620      73.3260
     0.357143     0.428571   0.00286534     0.815669      73.2983
     0.428571     0.500000   0.00161672     0.771407      73.2467
     0.500000     0.571429  0.000825737     0.705451      73.2405
     0.571429     0.642857  0.000396123     0.629324      73.2223
     0.642857     0.714286  0.000187402     0.519290      73.1918
     0.714286     0.785714  9.55940e-05     0.416141      73.1862
     0.785714     0.857143  5.32517e-05     0.351145      73.5712
     0.857143     0.928571  2.84942e-05     0.297766      73.2515
     0.928571      1.00000  1.63301e-05     0.348778      70.5888
      1.00000      1.07143  8.93536e-06     0.430035      70.8452
      1.07143      1.14286  4.85823e-06     0.356035      74.0072
      1.14286      1.21429  2.90587e-06     0.313734      142.238
      1.21429      1.28571  1.62049e-06     0.338679      141.594
      1.28571      1.35714  6.68754e-07     0.649880      72.4308
      1.35714      1.42857  2.49267e-07      1.21890      72.9111
      1.42857      1.50000  1.43520e-07     0.769535      116.140
      1.50000      1.57143  1.03091e-07     0.278027      190.892
      1.57143      1.64286  2.27258e-08     0.238820      202.085
      1.64286      1.71429      0.00000      0.00000      90.0000
      1.71429      1.78571      0.00000      0.00000      0.00000
      1.78571      1.85714      0.00000      0.00000      0.00000
      1.85714      1.92857      0.00000      0.00000      0.00000
      1.92857      2.00000      0.00000      0.00000      0.00000
       2      0.69913174       1.3972635
    -0.500000    -0.428571    0.0119692     0.845563      54.4837
    -0.428571    -0.357143    0.0128201     0.844427      54.4534
    -0.357143    -0.285714    0.0135717     0.850577      54.4934
    -0.285714    -0.214286    0.0141785     0.860748      54.5984
    -0.214286    -0.142857    0.0143403     0.865653      54.5431
    -0.142857   -0.0714285    0.0141546     0.864314      54.4708
   -0.0714285      0.00000    0.0135898     0.869423      54.4573
      0.00000    0.0714285    0.0125155     0.867892      54.4777
    0.0714285     0.142857    0.0108450     0.866038      54.4816
     0.142857     0.214286   0.00876139     0.861597      54.4901
     0.214286     0.285714   0.00660096     0.851113      54.5165
     0.285714     0.357143   0.00460331     0.837143      54.4794
     0.357143     0.428571   0.00288593     0.812753      54.4372
     0.428571     0.500000   0.00164644     0.764748      54.3858
     0.500000     0.571429  0.000866534     0.694373      54.3620
     0.571429     0.642857  0.000416645     0.600896      54.4624
     0.642857     0.714286  0.000199430     0.472660      54.3886
     0.714286     0.785714  0.000104837     0.406177      54.2355
     0.785714     0.857143  5.79732e-05     0.377007      54.5892
     0.857143     0.928571  3.04238e-05     0.333451      54.6414
     0.928571      1.00000  1.69836e-05     0.427200      54.3945
      1.00000      1.07143  9.54883e-06     0.477058      54.1096
      1.07143      1.14286  5.40045e-06     0.443364      54.6624
      1.14286      1.21429  2.83017e-06     0.452584      122.822
      1.21429      1.28571  1.40577e-06     0.419859      121.500
      1.28571      1.35714  7.49853e-07     0.522040      53.4115
      1.35714      1.42857  3.18066e-07     0.957239      54.4585
      1.42857      1.50000  1.21521e-07     0.953578      128.664
      1.50000      1.57143  4.95142e-08     0.557008      202.268
      1.57143      1.64286  2.27258e-08     0.237777      191.107
      1.64286      1.71429      0.00000      0.00000      90.0000
      1.71429      1.78571      0.00000      0.00000      0.00000
      1.78571      1.85714      0.00000      0.00000      0.00000
      1.85714      1.92857      0.00000      0.00000      0.00000
      1.92857      2.00000      0.00000      0.00000      0.00000
       3       1.3972635       2.0953952
    -0.500000    -0.428571   0.00948959     0.782262      49.0761
    -0.428571    -0.357143    0.0101894     0.786972      49.1153
    -0.357143    -0.285714    0.0109886     0.799307      49.0716
    -0.285714    -0.214286    0.0115078     0.803826      48.9818
    -0.214286    -0.142857    0.0117463     0.806234      49.0186
    -0.142857   -0.0714285    0.0117193     0.802939      49.0947
   -0.0714285      0.00000    0.0111765     0.809523      49.0622
      0.00000    0.0714285    0.0102935     0.804621      49.0670
    0.0714285     0.142857   0.00902689     0.792410      49.0211
     0.142857     0.214286   0.00748348     0.783612      49.0093
     0.214286     0.285714   0.00581130     0.766682      49.1034
     0.285714     0.357143   0.00413032     0.746345      49.1907
     0.357143     0.428571   0.00267360     0.715022      49.1821
     0.428571     0.500000   0.00160404     0.670736      49.1707
     0.500000     0.571429  0.000898937     0.599297      49.2402
     0.571429     0.642857  0.000473205     0.508779      49.3216
     0.642857     0.714286  0.000262942     0.430486      49.4141
     0.714286     0.785714  0.000144930     0.405251      49.2968
     0.785714     0.857143  7.99279e-05     0.371551      49.1788
     0.857143     0.928571  4.29750e-05     0.394038      49.3074
     0.928571      1.00000  2.36343e-05     0.384821      49.5302
      1.00000      1.07143  1.39458e-05     0.332989      49.2063
      1.07143      1.14286  7.95048e-06     0.415950      48.9295
      1.14286      1.21429  3.64671e-06     0.543489      139.257
      1.21429      1.28571  1.78815e-06     0.423367      138.409
      1.28571      1.35714  1.22314e-06     0.251591      47.3661
      1.35714      1.42857  6.47423e-07     0.509604      48.5489
      1.42857      1.50000  2.06675e-07     0.901991      116.883
      1.50000      1.57143  1.25817e-07      1.13841      206.352
      1.57143      1.64286  4.54516e-08     0.611908      204.355
      1.64286      1.71429      0.00000      0.00000      90.0000
      1.71429      1.78571  1.38750e-08     0.412544      35.8711
      1.78571      1.85714  1.38750e-08     0.412544      35.8711
      1.85714      1.92857      0.00000      0.00000      0.00000
      1.92857      2.00000      0.00000      0.00000      0.00000
       4       2.0953952       2.7935270
    -0.500000    -0.428571   0.00890834     0.704915      64.1266
    -0.428571    -0.357143   0.00958688     0.712665      64.1854
    -0.357143    -0.285714    0.0105600     0.725392      64.1543
    -0.285714    -0.214286    0.0111318     0.724762      64.0774
    -0.214286    -0.142857    0.0113726     0.724926      63.9581
    -0.142857   -0.0714285    0.0113147     0.720325      63.9178
   -0.0714285      0.00000    0.0108708     0.722386      63.8901
      0.00000    0.0714285    0.0101835     0.716876      63.9357
    0.0714285     0.142857   0.00903450     0.701827      63.8899
     0.142857     0.214286   0.00760253     0.686689      63.8881
     0.214286     0.285714   0.00606799     0.666852      63.9084
     0.285714     0.357143   0.00446840     0.636590      63.9107
     0.357143     0.428571   0.00304140     0.593866      64.1829
     0.428571     0.500000   0.00191981     0.545383      64.3394
     0.500000     0.571429   0.00113829     0.484372      63.7705
     0.571429     0.642857  0.000659722     0.402197      63.6960
     0.642857     0.714286  0.000386952     0.354750      63.8982
     0.714286     0.785714  0.000216999     0.342255      63.8038
     0.785714     0.857143  0.000120352     0.305151      62.5098
     0.857143     0.928571  6.52418e-05     0.325404      63.0396
     0.928571      1.00000  3.70988e-05     0.310971      64.3479
      1.00000      1.07143  2.22806e-05     0.303648      64.0915
      1.07143      1.14286  1.21946e-05     0.350020      64.2714
      1.14286      1.21429  6.52485e-06     0.332684      151.022
      1.21429      1.28571  3.73931e-06     0.295649      154.007
      1.28571      1.35714  2.21629e-06     0.250895      49.5352
      1.35714      1.42857  1.23504e-06     0.394076      46.0402
      1.42857      1.50000  4.86082e-07     0.575367      105.821
      1.50000      1.57143  1.98057e-07     0.846395      197.616
      1.57143      1.64286  1.10182e-07     0.604990      211.156
      1.64286      1.71429  3.56347e-08     0.249327      107.664
      1.71429      1.78571  4.41054e-08     0.842058      82.5906
      1.78571      1.85714  2.77500e-08     0.648922      62.7869
      1.85714      1.92857      0.00000      0.00000      0.00000
      1.92857      2.00000      0.00000      0.00000      0.00000
       5       2.7935270       3.4916588
    -0.500000    -0.428571    0.0109481     0.632326      86.1795
    -0.428571    -0.357143    0.0118456     0.637894      85.8754
    -0.357143    -0.285714    0.0127488     0.639911      85.8995
    -0.285714    -0.214286    0.0134906     0.637697      85.8521
    -0.214286    -0.142857    0.0137659     0.641534      85.4142
    -0.142857   -0.0714285    0.0136477     0.637898      85.3825
   -0.0714285      0.00000    0.0132727     0.632852      85.4373
      0.00000    0.0714285    0.0124116     0.630198      85.3117
    0.0714285     0.142857    0.0109538     0.617933      85.2176
     0.142857     0.214286   0.00921797     0.603078      85.4035
     0.214286     0.285714   0.00734247     0.582774      85.3063
     0.285714     0.357143   0.00543152     0.546164      84.9745
     0.357143     0.428571   0.00370839     0.502321      85.1956
     0.428571     0.500000   0.00234382     0.455016      85.0104
     0.500000     0.571429   0.00140109     0.396862      83.9269
     0.571429     0.642857  0.000812479     0.330331      83.8118
     0.642857     0.714286  0.000462312     0.298382      84.2275
     0.714286     0.785714  0.000255352     0.274122      83.9293
     0.785714     0.857143  0.000141411     0.251165      83.8309
     0.857143     0.928571  7.92446e-05     0.244606      82.8619
     0.928571      1.00000  4.49326e-05     0.250702      82.6232
      1.00000      1.07143  2.64030e-05     0.308283      83.5809
      1.07143      1.14286  1.52998e-05     0.334936      84.7351
      1.14286      1.21429  8.97998e-06     0.242451      129.155
      1.21429      1.28571  4.97741e-06     0.281904      130.757
      1.28571      1.35714  2.70954e-06     0.391906      73.6344
      1.35714      1.42857  1.64220e-06     0.316532      70.7660
      1.42857      1.50000  7.87489e-07     0.271308      145.168
      1.50000      1.57143  3.46599e-07     0.469652      192.525
      1.57143      1.64286  2.16918e-07     0.446674      160.924
      1.64286      1.71429  1.06904e-07     0.420343      101.761
      1.71429      1.78571  6.29413e-08     0.532534      56.7246
      1.78571      1.85714  1.38750e-08     0.236378      26.9159
      1.85714      1.92857      0.00000      0.00000      0.00000
      1.92857      2.00000  8.47125e-09     0.294918      26.7125
       6       3.4916588       4.1897903
    -0.500000    -0.428571   0.00911220     0.644871      74.7713
    -0.428571    -0.357143    0.0100052     0.646471      74.4427
    -0.357143    -0.285714    0.0105239     0.651774      74.4835
    -0.285714    -0.214286    0.0110456     0.660988      74.3987
    -0.214286    -0.142857    0.0113340     0.663243      74.0499
    -0.142857   -0.0714285    0.0113719     0.665424      74.2421
   -0.0714285      0.00000    0.0111560     0.663141      74.4122
      0.00000    0.0714285    0.0103363     0.657882      74.2150
    0.0714285     0.142857   0.00907178     0.643333      74.0541
     0.142857     0.214286   0.00767148     0.625808      74.2273
     0.214286     0.285714   0.00607061     0.609378      74.2731
     0.285714     0.357143   0.00445458     0.579468      74.0230
     0.357143     0.428571   0.00305523     0.546540      73.9586
     0.428571     0.500000   0.00195161     0.489318      73.6175
     0.500000     0.571429   0.00118340     0.430891      73.2241
     0.571429     0.642857  0.000681973     0.366345      73.3756
     0.642857     0.714286  0.000390539     0.328866      73.7110
     0.714286     0.785714  0.000222297     0.327022      73.4339
     0.785714     0.857143  0.000121731     0.316290      74.4498
     0.857143     0.928571  6.65651e-05     0.295884      73.1902
     0.928571      1.00000  3.53108e-05     0.267624      72.0923
      1.00000      1.07143  2.16463e-05     0.263199      73.1069
      1.07143      1.14286  1.40304e-05     0.324377      73.7239
      1.14286      1.21429  7.06979e-06     0.439793      121.316
      1.21429      1.28571  4.14523e-06     0.399855      118.881
      1.28571      1.35714  2.07405e-06     0.428876      75.5800
      1.35714      1.42857  1.17524e-06     0.449899      77.7279
      1.42857      1.50000  7.19545e-07     0.312108      160.628
      1.50000      1.57143  3.27936e-07     0.557250      205.601
      1.57143      1.64286  2.29304e-07     0.735924      169.565
      1.64286      1.71429  1.48386e-07     0.421059      97.4001
      1.71429      1.78571  3.27108e-08     0.103020      10.0050
      1.78571      1.85714      0.00000      0.00000      0.00000
      1.85714      1.92857      0.00000      0.00000      0.00000
      1.92857      2.00000  8.47125e-09     0.294918      26.7125
       7       4.1897903       4.8879224
    -0.500000    -0.428571   0.00941115     0.787117      49.0466
    -0.428571    -0.357143    0.0103177     0.788061      49.0328
    -0.357143    -0.285714    0.0108967     0.792760      49.0480
    -0.285714    -0.214286    0.0114576     0.801097      48.9960
    -0.214286    -0.142857    0.0117215     0.799875      48.9294
    -0.142857   -0.0714285    0.0117592     0.805871      49.0318
   -0.0714285      0.00000    0.0114277     0.807568      49.1414
      0.00000    0.0714285    0.0104843     0.802163      49.1138
    0.0714285     0.142857   0.00913679     0.790647      49.0491
     0.142857     0.214286   0.00752954     0.779619      49.0486
     0.214286     0.285714   0.00576063     0.768864      49.1067
     0.285714     0.357143   0.00408146     0.750538      49.1016
     0.357143     0.428571   0.00268295     0.723653      49.1024
     0.428571     0.500000   0.00159986     0.659519      49.1094
     0.500000     0.571429  0.000903756     0.594640      49.1124
     0.571429     0.642857  0.000483962     0.505002      49.1585
     0.642857     0.714286  0.000261808     0.421720      49.1875
     0.714286     0.785714  0.000150535     0.398218      49.1821
     0.785714     0.857143  8.17192e-05     0.400364      49.0635
     0.857143     0.928571  4.27680e-05     0.381973      49.3981
     0.928571      1.00000  2.27782e-05     0.371891      49.5164
      1.00000      1.07143  1.36684e-05     0.329310      49.4268
      1.07143      1.14286  8.54073e-06     0.381773      49.5008
      1.14286      1.21429  3.77963e-06     0.554360      139.302
      1.21429      1.28571  2.67206e-06     0.445895      138.688
      1.28571      1.35714  1.18862e-06     0.433077      49.0300
      1.35714      1.42857  4.75953e-07     0.439825      49.5871
      1.42857      1.50000  3.32984e-07     0.230378      127.975
      1.50000      1.57143  1.25817e-07     0.685216      218.154
      1.57143      1.64286  1.41848e-07      1.02666      229.196
      1.64286      1.71429  9.63963e-08     0.423971      114.403
      1.71429      1.78571      0.00000      0.00000      0.00000
      1.78571      1.85714      0.00000      0.00000      0.00000
      1.85714      1.92857      0.00000      0.00000      0.00000
      1.92857      2.00000      0.00000      0.00000      0.00000
       8       4.8879224       5.5860539
    -0.500000    -0.428571    0.0118745     0.845549      54.6520
    -0.428571    -0.357143    0.0127238     0.854791      54.5646
    -0.357143    -0.285714    0.0133908     0.858025      54.5331
    -0.285714    -0.214286    0.0138233     0.856323      54.4584
    -0.214286    -0.142857    0.0141182     0.856522      54.5036
    -0.142857   -0.0714285    0.0143139     0.860434      54.4992
   -0.0714285      0.00000    0.0136714     0.866038      54.5226
      0.00000    0.0714285    0.0124908     0.866731      54.5245
    0.0714285     0.142857    0.0108014     0.865620      54.5004
     0.142857     0.214286   0.00872960     0.860562      54.5104
     0.214286     0.285714   0.00664146     0.847976      54.4862
     0.285714     0.357143   0.00458308     0.835889      54.4807
     0.357143     0.428571   0.00283469     0.808957      54.5400
     0.428571     0.500000   0.00160303     0.756123      54.5471
     0.500000     0.571429  0.000853424     0.677849      54.4869
     0.571429     0.642857  0.000418910     0.589657      54.4664
     0.642857     0.714286  0.000204921     0.477151      54.3621
     0.714286     0.785714  0.000107027     0.410835      54.1187
     0.785714     0.857143  6.08823e-05     0.396184      54.4886
     0.857143     0.928571  3.41759e-05     0.346494      54.9380
     0.928571      1.00000  1.82969e-05     0.332807      54.3227
      1.00000      1.07143  9.89531e-06     0.307899      53.5478
      1.07143      1.14286  5.64875e-06     0.325984      53.8991
      1.14286      1.21429  2.54383e-06     0.427021      122.147
      1.21429      1.28571  1.25845e-06     0.450643      122.001
      1.28571      1.35714  7.43199e-07     0.476498      54.0134
      1.35714      1.42857  3.23712e-07     0.557229      54.6626
      1.42857      1.50000  8.99432e-08     0.535787      111.567
      1.50000      1.57143  7.22400e-08     0.800287      178.302
      1.57143      1.64286  6.47308e-08     0.735050      195.564
      1.64286      1.71429  1.92793e-08     0.173928      101.100
      1.71429      1.78571      0.00000      0.00000      0.00000
      1.78571      1.85714      0.00000      0.00000      0.00000
      1.85714      1.92857      0.00000      0.00000      0.00000
      1.92857      2.00000      0.00000      0.00000      0.00000
       9       5.5860539       6.2841855
    -0.500000    -0.428571    0.0122325     0.804078      80.7953
    -0.428571    -0.357143    0.0131736     0.811694      80.5943
    -0.357143    -0.285714    0.0137096     0.822180      80.5665
    -0.285714    -0.214286    0.0141307     0.823342      80.5850
    -0.214286    -0.142857    0.0146054     0.827217      80.6829
    -0.142857   -0.0714285    0.0146492     0.831603      80.6869
   -0.0714285      0.00000    0.0138428     0.837955      80.6599
      0.00000    0.0714285    0.0127254     0.840032      80.6505
    0.0714285     0.142857    0.0109958     0.841541      80.7124
     0.142857     0.214286   0.00882087     0.839759      80.7480
     0.214286     0.285714   0.00670129     0.829756      80.7009
     0.285714     0.357143   0.00460800     0.813657      80.6962
     0.357143     0.428571   0.00278534     0.797773      80.8260
     0.428571     0.500000   0.00156586     0.754377      80.7431
     0.500000     0.571429  0.000823090     0.662625      80.7498
     0.571429     0.642857  0.000399477     0.593225      80.2138
     0.642857     0.714286  0.000190036     0.509881      79.8040
     0.714286     0.785714  9.73884e-05     0.428152      81.1815
     0.785714     0.857143  5.45084e-05     0.365614      81.3497
     0.857143     0.928571  3.13549e-05     0.320434      81.1542
     0.928571      1.00000  1.57068e-05     0.362846      81.5558
      1.00000      1.07143  8.79926e-06     0.380960      80.2697
      1.07143      1.14286  5.14569e-06     0.393595      80.4432
      1.14286      1.21429  2.23351e-06     0.467266      104.409
      1.21429      1.28571  9.04249e-07     0.418808      108.246
      1.28571      1.35714  6.99323e-07     0.522132      82.1159
      1.35714      1.42857  4.18444e-07     0.765859      75.3620
      1.42857      1.50000  2.38252e-07     0.866350      103.556
      1.50000      1.57143  1.48543e-07     0.916015      128.654
      1.57143      1.64286  6.81773e-08     0.457282      152.987
      1.64286      1.71429      0.00000      0.00000      90.0000
      1.71429      1.78571      0.00000      0.00000      0.00000
      1.78571      1.85714      0.00000      0.00000      0.00000
      1.85714      1.92857      0.00000      0.00000      0.00000
      1.92857      2.00000      0.00000      0.00000      0.00000
