0.502499998 1.62004505E-3
0.505500019 1.60083943E-3
0.50849998 1.58197654E-3
0.511500001 1.56344823E-3
0.514500022 1.54524646E-3
0.517249942 1.52883795E-3
0.519249976 1.51706673E-3
0.520500004 1.50978088E-3
0.521499991 1.50399178E-3
0.522500038 1.49823632E-3
0.523499966 1.49251416E-3
0.524500012 1.48682506E-3
0.5255 1.48116855E-3
0.526499987 1.47554465E-3
0.527500033 1.4699531E-3
0.528499961 1.46439369E-3
0.529500008 1.45886594E-3
0.530499995 1.45336962E-3
0.531499982 1.44790462E-3
0.532500029 1.44247082E-3
0.533499956 1.43706787E-3
0.534500003 1.43169542E-3
0.53550005 1.42635324E-3
0.536499977 1.42104144E-3
0.537500024 1.41575944E-3
0.538499951 1.41050725E-3
0.539499998 1.40528427E-3
0.540500045 1.40009064E-3
0.541499972 1.3949261E-3
0.542500019 1.38979033E-3
0.543500006 1.38468307E-3
0.544499993 1.37960422E-3
0.54550004 1.37455366E-3
0.546499968 1.36953115E-3
0.547500014 1.36453623E-3
0.548500001 1.35956891E-3
0.54974997 1.3533996E-3
0.551749945 1.34361885E-3
0.554499984 1.3303411E-3
0.557500005 1.31607836E-3
0.560500026 1.30204635E-3
0.563499987 1.28823996E-3
0.566500008 1.27465406E-3
0.569499969 1.26128434E-3
0.57249999 1.24812603E-3
0.575500011 1.23517471E-3
0.578500032 1.22242619E-3
0.581499994 1.20987603E-3
0.584500015 1.19752029E-3
0.587499976 1.18535489E-3
0.590499997 1.17337599E-3
0.593500018 1.16157962E-3
0.596500039 1.14996231E-3
0.5995 1.13852043E-3
0.602499962 1.12725026E-3
0.605499983 1.11614855E-3
0.608500004 1.10521179E-3
0.611500025 1.09443697E-3
0.614499986 1.08382059E-3
0.617500007 1.07335974E-3
0.620499969 1.0630514E-3
0.62349999 1.05289253E-3
0.62650001 1.04288023E-3
0.629500031 1.03301182E-3
0.632499993 1.02328439E-3
0.635500014 1.01369538E-3
0.638499975 1.00424211E-3
0.641499996 9.94922011E-4
0.644500017 9.85732651E-4
0.647500038 9.76671465E-4
0.6505 9.67736298E-4
0.653499961 9.58924589E-4
0.656499982 9.50234185E-4
0.659500003 9.41662758E-4
0.662500024 9.3320827E-4
0.665499985 9.24868509E-4
0.668500006 9.1664138E-4
0.671499968 9.08524962E-4
0.674499989 9.00517218E-4
0.67750001 8.9261611E-4
0.680500031 8.8481995E-4
0.683499992 8.7712676E-4
0.686500013 8.69534619E-4
0.689499974 8.62042012E-4
0.692499995 8.5464702E-4
0.695500016 8.47347954E-4
0.698500037 8.40143301E-4
0.701499999 8.33031256E-4
0.70449996 8.26010364E-4
0.707499981 8.19078996E-4
0.710500002 8.12235579E-4
0.713500023 8.05478718E-4
0.716499984 7.98806956E-4
0.719500005 7.9221878E-4
0.722499967 7.85712909E-4
0.725499988 7.79287948E-4
0.728500009 7.72942381E-4
0.73150003 7.66675163E-4
0.734499991 7.60484836E-4
0.737500012 7.54370179E-4
0.740499973 7.48329971E-4
0.743499994 7.42363045E-4
0.746500015 7.36468064E-4
0.749500036 7.30644097E-4
0.752499998 7.24889804E-4
0.755500019 7.19204138E-4
0.75849998 7.13586109E-4
0.761500001 7.08034495E-4
0.764500022 7.02548306E-4
0.767499983 6.97126554E-4
0.770500004 6.91768131E-4
0.773499966 6.86472165E-4
0.776499987 6.81237609E-4
0.779500008 6.76063471E-4
0.782500029 6.70948939E-4
0.78549999 6.6589308E-4
0.788500011 6.60894846E-4
0.791499972 6.55953598E-4
0.794499993 6.51068287E-4
0.797500014 6.46238041E-4
0.800500035 6.41462218E-4
0.803499997 6.36739889E-4
0.806500018 6.3207018E-4
0.809499979 6.27452449E-4
0.8125 6.22885884E-4
0.815500021 6.18369726E-4
0.818499982 6.13903161E-4
0.821500003 6.09485491E-4
0.824499965 6.05116074E-4
0.827499986 6.00794097E-4
0.830500007 5.96518978E-4
0.833500028 5.92289958E-4
0.836499989 5.88106457E-4
0.83950001 5.83967718E-4
0.842499971 5.79873158E-4
0.845499992 5.75822196E-4
0.848500013 5.71814075E-4
0.851500034 5.67848329E-4
0.854499996 5.63924317E-4
0.857500017 5.60041401E-4
0.860499978 5.56199055E-4
0.863499999 5.52396697E-4
0.86650002 5.48633805E-4
0.869499981 5.44909795E-4
0.872500002 5.41224086E-4
0.875499964 5.3757627E-4
0.878499985 5.33965765E-4
0.881500006 5.3039199E-4
0.884500027 5.26854536E-4
0.887499988 5.23352879E-4
0.890500009 5.19886555E-4
0.89349997 5.16455097E-4
0.896499991 5.13057981E-4
0.899500012 5.09694743E-4
0.902500033 5.06365031E-4
0.905499995 5.03068324E-4
0.908500016 4.99804155E-4
0.911499977 4.96572175E-4
0.914499998 4.93371917E-4
0.917500019 4.90202918E-4
0.92050004 4.87064885E-4
0.923500001 4.83957323E-4
0.926499963 4.80879884E-4
0.929499984 4.77832131E-4
0.932500005 4.74813685E-4
0.935500026 4.71824198E-4
0.938499987 4.6886332E-4
0.941500008 4.65930614E-4
0.944499969 4.6302579E-4
0.94749999 4.6014844E-4
0.950500011 4.57298243E-4
0.953500032 4.54474881E-4
0.956499994 4.51677974E-4
0.959500015 4.48907173E-4
0.962499976 4.46162245E-4
0.965499997 4.43442783E-4
0.968500018 4.40748467E-4
0.971500039 4.38079034E-4
0.9745 4.35434165E-4
0.977499962 4.3281354E-4
0.980499983 4.30216896E-4
0.983500004 4.27643856E-4
0.986500025 4.25094244E-4
0.989499986 4.22567682E-4
0.992500007 4.20063938E-4
0.995499969 4.17582749E-4
0.99849999 4.15123824E-4
1.00150001 4.12686844E-4
1.00450003 4.10271634E-4
1.00749993 4.07877931E-4
1.01049995 4.05505416E-4
1.01349998 4.03153856E-4
1.0165 4.00822988E-4
1.01950002 3.9851261E-4
1.02250004 3.96222458E-4
1.02550006 3.9395233E-4
1.02849996 3.91701993E-4
1.03149998 3.89471126E-4
1.0345 3.87259555E-4
1.03750002 3.85067076E-4
1.04050004 3.82893457E-4
1.04349995 3.80738522E-4
1.04649997 3.7860201E-4
1.04949999 3.76483687E-4
1.05250001 3.7438338E-4
1.05550003 3.72300856E-4
1.05850005 3.70235968E-4
1.06149995 3.68188514E-4
1.06449997 3.66158201E-4
1.0675 3.64144915E-4
1.07050002 3.62148421E-4
1.07350004 3.60168604E-4
1.07649994 3.5820523E-4
1.07949996 3.56258155E-4
1.08249998 3.54327116E-4
1.0855 3.52411997E-4
1.08850002 3.50512593E-4
1.09150004 3.48628731E-4
1.09450006 3.46760324E-4
1.09749997 3.44907108E-4
1.10049999 3.4306891E-4
1.10350001 3.41245614E-4
1.10650003 3.39437043E-4
1.10949993 3.37643083E-4
1.11249995 3.35863529E-4
1.11549997 3.34098178E-4
1.11849999 3.32346943E-4
1.12150002 3.30609677E-4
1.12450004 3.28886177E-4
1.12750006 3.27176385E-4
1.13049996 3.25480127E-4
1.13349998 3.23797169E-4
1.1365 3.22127453E-4
1.13950002 3.20470805E-4
1.14250004 3.18827137E-4
1.14549994 3.17196274E-4
1.14849997 3.15578131E-4
1.15149999 3.13972472E-4
1.15450001 3.12379241E-4
1.15750003 3.10798321E-4
1.16050005 3.09229566E-4
1.16349995 3.07672861E-4
1.16649997 3.06128029E-4
1.16949999 3.04594985E-4
1.17250001 3.03073612E-4
1.17550004 3.01563792E-4
1.17849994 3.0006544E-4
1.18149996 2.98578409E-4
1.18449998 2.97102524E-4
1.1875 2.95637758E-4
1.19050002 2.94183934E-4
1.19350004 2.92740995E-4
1.19650006 2.91308854E-4
1.19949996 2.89887335E-4
1.20249999 2.88476353E-4
1.20550001 2.87075818E-4
1.20850003 2.85685615E-4
1.21150005 2.84305628E-4
1.21449995 2.82935798E-4
1.21749997 2.81576009E-4
1.22049999 2.80226144E-4
1.22350001 2.78886087E-4
1.22650003 2.7755578E-4
1.22950006 2.76235165E-4
1.23249996 2.74924067E-4
1.23549998 2.73622427E-4
1.2385 2.72330159E-4
1.24150002 2.71047145E-4
1.24450004 2.69773329E-4
1.24749994 2.68508622E-4
1.25049996 2.67252937E-4
1.25349998 2.66006158E-4
1.25650001 2.64768227E-4
1.25950003 2.63539056E-4
1.26250005 2.62318528E-4
1.26550007 2.61106645E-4
1.26849997 2.5990326E-4
1.27149999 2.58708285E-4
1.27450001 2.57521635E-4
1.27750003 2.56343279E-4
1.28049994 2.5517316E-4
1.28349996 2.54011131E-4
1.28649998 2.52857135E-4
1.2895 2.51711113E-4
1.29250002 2.50572979E-4
1.29550004 2.49442644E-4
1.29850006 2.4832011E-4
1.30149996 2.47205229E-4
1.30449998 2.46097945E-4
1.3075 2.44998198E-4
1.31050003 2.43905932E-4
1.31350005 2.42821057E-4
1.31649995 2.41743532E-4
1.31949997 2.40673282E-4
1.32249999 2.39610206E-4
1.32550001 2.38554276E-4
1.32850003 2.37505403E-4
1.33150005 2.36463558E-4
1.33449996 2.3542867E-4
1.33749998 2.34400635E-4
1.3405 2.33379425E-4
1.34350002 2.32364982E-4
1.34650004 2.31357233E-4
1.34949994 2.30356149E-4
1.35249996 2.29361642E-4
1.35549998 2.28373639E-4
1.3585 2.27392113E-4
1.36150002 2.26416989E-4
1.36450005 2.2544821E-4
1.36750007 2.24485761E-4
1.37049997 2.23529554E-4
1.37349999 2.22579518E-4
1.37650001 2.21635608E-4
1.37950003 2.20697781E-4
1.38249993 2.19766007E-4
1.38549995 2.18840214E-4
1.38849998 2.17920315E-4
1.3915 2.17006309E-4
1.39450002 2.16098109E-4
1.39750004 2.15195687E-4
1.40050006 2.14299012E-4
1.40349996 2.13408013E-4
1.40649998 2.12522631E-4
1.4095 2.11642822E-4
1.41250002 2.10768543E-4
1.41550004 2.0989975E-4
1.41849995 2.09036414E-4
1.42149997 2.08178477E-4
1.42449999 2.0732588E-4
1.42750001 2.06478566E-4
1.43050003 2.05636534E-4
1.43350005 2.04799711E-4
1.43649995 2.03968084E-4
1.43949997 2.0314155E-4
1.4425 2.02320109E-4
1.44550002 2.01503717E-4
1.44850004 2.00692331E-4
1.45149994 1.99885922E-4
1.45449996 1.99084432E-4
1.45749998 1.98287802E-4
1.4605 1.97496018E-4
1.46350002 1.96709036E-4
1.46650004 1.95926812E-4
1.46950006 1.95149332E-4
1.47249997 1.94376538E-4
1.47549999 1.93608372E-4
1.47850001 1.92844818E-4
1.48150003 1.92085834E-4
1.48449993 1.9133139E-4
1.48749995 1.90581457E-4
1.49049997 1.89835977E-4
1.49349999 1.89094921E-4
1.49650002 1.88358259E-4
1.49950004 1.87625948E-4
1.50250006 1.86897974E-4
1.50549996 1.86174293E-4
1.50849998 1.85454846E-4
1.5115 1.84739634E-4
1.51450002 1.84028599E-4
1.51750004 1.8332171E-4
1.52049994 1.82618969E-4
1.52349997 1.81920317E-4
1.52649999 1.81225696E-4
1.52950001 1.8053512E-4
1.53250003 1.79848532E-4
1.53550005 1.79165916E-4
1.53849995 1.78487229E-4
1.54149997 1.77812428E-4
1.54449999 1.77141512E-4
1.54725003 1.76529837E-4
1.54924989 1.76086964E-4
1.55049992 1.75811045E-4
1.55150008 1.75590787E-4
1.55250001 1.75370966E-4
1.55349994 1.75151552E-4
1.55449998 1.74932575E-4
1.55550003 1.7471399E-4
1.55649996 1.74495828E-4
1.5575 1.74278088E-4
1.55850005 1.74060755E-4
1.55949998 1.73843844E-4
1.56049991 1.73627326E-4
1.56150007 1.73411216E-4
1.5625 1.73195527E-4
1.56349993 1.72980246E-4
1.56450009 1.72765358E-4
1.56550002 1.72550892E-4
1.56649995 1.72336833E-4
1.5675 1.72123167E-4
1.56850004 1.71909909E-4
1.56949997 1.71697044E-4
1.57050002 1.71484586E-4
1.57150006 1.71272521E-4
1.57249999 1.71060863E-4
1.57349992 1.70849613E-4
1.57450008 1.70638727E-4
1.57550001 1.70428262E-4
1.57649994 1.70218176E-4
1.57749999 1.70008498E-4
1.57850003 1.69799212E-4
1.57949996 1.69590305E-4
1.58050001 1.6938179E-4
1.58150005 1.69173683E-4
1.58249998 1.6896594E-4
1.58349991 1.68758605E-4
1.58450007 1.68551633E-4
1.5855 1.68345068E-4
1.58649993 1.68138882E-4
1.5875001 1.67933074E-4
1.58850002 1.67727645E-4
1.58949995 1.67522609E-4
1.5905 1.6731795E-4
1.59150004 1.67113671E-4
1.59249997 1.66909769E-4
1.59350002 1.66706246E-4
1.59450006 1.66503101E-4
1.59549999 1.66300335E-4
1.59649992 1.66097947E-4
1.59750009 1.65895908E-4
1.59850001 1.65694277E-4
1.60124993 1.65141959E-4
1.60925007 1.63551871E-4
1.62249994 1.60967611E-4
1.63750005 1.58114679E-4
1.65249991 1.55337882E-4
1.66750002 1.52634486E-4
1.6825 1.50001884E-4
1.69749999 1.47437633E-4
1.7107501 1.45226397E-4
1.71875 1.43914949E-4
1.72149992 1.43468525E-4
1.72250009 1.43306766E-4
1.72350001 1.43145313E-4
1.72449994 1.42984136E-4
1.72549999 1.42823221E-4
1.72650003 1.42662582E-4
1.72749996 1.4250222E-4
1.72850001 1.42342134E-4
1.72950006 1.42182311E-4
1.73049998 1.42022778E-4
1.73149991 1.41863507E-4
1.73250008 1.41704499E-4
1.7335 1.41545766E-4
1.73449993 1.41387311E-4
1.73549998 1.41229117E-4
1.73650002 1.41071199E-4
1.73749995 1.40913529E-4
1.7385 1.4075615E-4
1.73950005 1.40599019E-4
1.74049997 1.40442164E-4
1.74150002 1.40285571E-4
1.74250007 1.40129254E-4
1.74349999 1.39973185E-4
1.74449992 1.39817392E-4
1.74550009 1.39661846E-4
1.74650002 1.39506577E-4
1.74749994 1.3935157E-4
1.74849999 1.39196825E-4
1.74950004 1.39042328E-4
1.75049996 1.38935109E-4
1.75150001 1.38733914E-4
1.75250006 1.38580202E-4
1.75349998 1.38426753E-4
1.75449991 1.38273565E-4
1.75550008 1.38120624E-4
1.75650001 1.37967945E-4
1.75749993 1.37815514E-4
1.75849998 1.37669442E-4
1.75950003 1.37511408E-4
1.76049995 1.37359748E-4
1.7615 1.37208335E-4
1.76250005 1.37057184E-4
1.76349998 1.36906281E-4
1.76450002 1.36755625E-4
1.76550007 1.36605231E-4
1.7665 1.36455084E-4
1.76749992 1.363052E-4
1.76850009 1.36155533E-4
1.76950002 1.36006143E-4
1.77049994 1.35857001E-4
1.77149999 1.35708091E-4
1.77250004 1.35559443E-4
1.77349997 1.35411028E-4
1.77450001 1.35262861E-4
1.77550006 1.35114955E-4
1.77649999 1.34967282E-4
1.77749991 1.34819857E-4
1.77850008 1.34672664E-4
1.77950001 1.34525733E-4
1.78049994 1.34379035E-4
1.78149998 1.34232585E-4
1.78250003 1.34086382E-4
1.78349996 1.33940397E-4
1.7845 1.33794674E-4
1.78550005 1.33649184E-4
1.78649998 1.33503941E-4
1.7874999 1.33358932E-4
1.78850007 1.33214155E-4
1.7895 1.33069625E-4
1.79049993 1.32925328E-4
1.79150009 1.32781264E-4
1.79250002 1.32637448E-4
1.79349995 1.32493864E-4
1.79449999 1.32350528E-4
1.79550004 1.32213376E-4
1.79649997 1.32064495E-4
1.79750001 1.31921857E-4
1.79850006 1.31779438E-4
1.79949999 1.31637265E-4
1.80049992 1.31495326E-4
1.80150008 1.31353605E-4
1.80250001 1.31212117E-4
1.80349994 1.31070861E-4
1.80449998 1.30929839E-4
1.80550003 1.30789049E-4
1.80649996 1.30648492E-4
1.8075 1.30508153E-4
1.80850005 1.30368047E-4
1.80949998 1.30228174E-4
1.81049991 1.3008852E-4
1.81150007 1.29949098E-4
1.8125 1.29809894E-4
1.81349993 1.29670938E-4
1.81450009 1.29532185E-4
1.81550002 1.29393666E-4
1.81649995 1.29255364E-4
1.8175 1.29117296E-4
1.81850004 1.28979445E-4
1.81949997 1.28841813E-4
1.82050002 1.28704414E-4
1.82150006 1.28567233E-4
1.82249999 1.28430271E-4
1.82349992 1.28293541E-4
1.82450008 1.28157015E-4
1.82550001 1.28020722E-4
1.82649994 1.27884647E-4
1.82749999 1.2774879E-4
1.82850003 1.27613152E-4
1.82949996 1.27477717E-4
1.83050001 1.27342515E-4
1.83150005 1.27207531E-4
1.83249998 1.27072752E-4
1.83349991 1.26938205E-4
1.83450007 1.26809682E-4
1.8355 1.26669707E-4
1.83649993 1.26535801E-4
1.8375001 1.26402112E-4
1.83850002 1.26268627E-4
1.83949995 1.26135361E-4
1.8405 1.26002313E-4
1.84150004 1.25869468E-4
1.84249997 1.25736842E-4
1.84350002 1.2560442E-4
1.84450006 1.25472216E-4
1.84549999 1.25340215E-4
1.84649992 1.25208433E-4
1.84750009 1.25076855E-4
1.84850001 1.24945494E-4
1.84949994 1.24814338E-4
1.85049999 1.24683385E-4
1.85150003 1.24552651E-4
1.85249996 1.24422106E-4
1.85350001 1.24291793E-4
1.85450006 1.2416167E-4
1.85549998 1.24031765E-4
1.85649991 1.23902049E-4
1.85750008 1.23772552E-4
1.8585 1.23643258E-4
1.85949993 1.23514168E-4
1.86049998 1.23385282E-4
1.86150002 1.23256599E-4
1.86249995 1.23128106E-4
1.8635 1.22999831E-4
1.86450005 1.22871759E-4
1.86549997 1.22743877E-4
1.86650002 1.22616198E-4
1.86750007 1.22488738E-4
1.86849999 1.22361467E-4
1.86949992 1.222344E-4
1.87050009 1.22107522E-4
1.87150002 1.21980847E-4
1.87249994 1.21854377E-4
1.87349999 1.2172811E-4
1.87450004 1.21607736E-4
1.87549996 1.21476121E-4
1.87650001 1.21350444E-4
1.87750006 1.21224963E-4
1.87849998 1.21099678E-4
1.87949991 1.2097459E-4
1.88050008 1.20849683E-4
1.88150001 1.20724988E-4
1.88249993 1.20600482E-4
1.88349998 1.20476172E-4
1.88450003 1.20352059E-4
1.88549995 1.20228127E-4
1.8865 1.20104392E-4
1.88750005 1.19980861E-4
1.88849998 1.19857505E-4
1.88950002 1.19734352E-4
1.89050007 1.19611395E-4
1.8915 1.19488621E-4
1.89249992 1.19366043E-4
1.89350009 1.19243647E-4
1.89450002 1.19121447E-4
1.89549994 1.18999444E-4
1.89649999 1.18877622E-4
1.89750004 1.1875599E-4
1.89849997 1.1863454E-4
1.89950001 1.18513286E-4
1.90050006 1.18392214E-4
1.90149999 1.18271339E-4
1.90249991 1.18150645E-4
1.90350008 1.18030126E-4
1.90625 1.17699834E-4
1.9142499 1.16747804E-4
1.92750001 1.15194474E-4
1.9425 1.13473216E-4
1.95749998 1.11790927E-4
1.97250009 1.10145374E-4
1.98749995 1.08536551E-4
2.00250006 1.06963336E-4
2.01749992 1.05423642E-4
2.03250003 1.03917555E-4
2.04750013 1.02444093E-4
2.0625 1.01001271E-4
2.07749987 9.95892697E-5
2.09249997 9.82068668E-5
2.10750008 9.6853546E-5
2.12249994 9.55275245E-5
2.13750005 9.42290353E-5
2.15250015 9.29573071E-5
2.16750002 9.17106445E-5
2.18074989 9.06301429E-5
2.18875003 8.99867737E-5
2.19149995 8.97673017E-5
2.19250011 8.96877173E-5
2.19350004 8.9608242E-5
2.19449997 8.95288831E-5
2.1954999 8.94496116E-5
2.19650006 8.93704564E-5
2.19749999 8.92914104E-5
2.19849992 8.92124663E-5
2.19950008 8.9133624E-5
2.20050001 8.90548836E-5
2.20149994 8.89762596E-5
2.20249987 8.88977302E-5
2.20350003 8.88193099E-5
2.20449996 8.87409988E-5
2.20550013 8.86627749E-5
2.20650005 8.85894551E-5
2.20749998 8.85066474E-5
2.20849991 8.84287438E-5
2.20950007 8.8350942E-5
2.2105 8.82732493E-5
2.21149993 8.81956585E-5
2.2125001 8.81181695E-5
2.21350002 8.80407752E-5
2.21449995 8.79634972E-5
2.21549988 8.78863066E-5
2.21650004 8.78092251E-5
2.21749997 8.77322527E-5
2.21850014 8.76553677E-5
2.21950006 8.75785845E-5
2.22049999 8.75019177E-5
2.22149992 8.74253528E-5
2.22249985 8.73488752E-5
2.22350001 8.72724995E-5
2.22449994 8.71962329E-5
2.22550011 8.71200536E-5
2.22650003 8.70439762E-5
2.22749996 8.69680152E-5
2.22849989 8.68921343E-5
2.22950006 8.68163625E-5
2.23049998 8.67406925E-5
2.23150015 8.66651171E-5
2.23250008 8.65896363E-5
2.2335 8.6514272E-5
2.23449993 8.64390022E-5
2.23549986 8.63638197E-5
2.23650002 8.62887318E-5
2.23749995 8.62137604E-5
2.23850012 8.61388689E-5
2.23950005 8.60640794E-5
2.24049997 8.59893989E-5
2.2414999 8.59148058E-5
2.24250007 8.58403146E-5
2.24349999 8.57659179E-5
2.24449992 8.56916304E-5
2.24550009 8.56174229E-5
2.24650002 8.55433173E-5
2.24749994 8.54693135E-5
2.24849987 8.5395397E-5
2.24950004 8.53215752E-5
2.25049996 8.52478624E-5
2.25150013 8.5174237E-5
2.25250006 8.51007062E-5
2.25349998 8.50272772E-5
2.25449991 8.49539356E-5
2.25550008 8.48806885E-5
2.25650001 8.48075506E-5
2.25749993 8.47345E-5
2.2585001 8.46615367E-5
2.25950003 8.45886752E-5
2.26049995 8.45159084E-5
2.26149988 8.44432288E-5
2.26250005 8.43753078E-5
2.26349998 8.42981535E-5
2.26450014 8.42257577E-5
2.26550007 8.41534493E-5
2.2665 8.408125E-5
2.26749992 8.40091452E-5
2.26849985 8.39371205E-5
2.26950002 8.38651904E-5
2.27049994 8.37933621E-5
2.27150011 8.37216139E-5
2.27250004 8.36499603E-5
2.27349997 8.35784085E-5
2.27449989 8.35069441E-5
2.27550006 8.34355669E-5
2.27649999 8.33642916E-5
2.27750015 8.32930964E-5
2.27850008 8.32219957E-5
2.27950001 8.31509969E-5
2.28049994 8.30800855E-5
2.28149986 8.3009254E-5
2.28250003 8.29385172E-5
2.28349996 8.28678822E-5
2.28450012 8.27973272E-5
2.28550005 8.27268595E-5
2.28649998 8.26564938E-5
2.2874999 8.2586208E-5
2.28850007 8.25160096E-5
2.2895 8.2445913E-5
2.29049993 8.23759037E-5
2.29150009 8.23059818E-5
2.29250002 8.22361399E-5
2.29349995 8.21663998E-5
2.29449987 8.20967398E-5
2.29550004 8.20271671E-5
2.29649997 8.19576962E-5
2.29750013 8.18883054E-5
2.29850006 8.18189947E-5
2.29949999 8.17497857E-5
2.30049992 8.16806569E-5
2.30150008 8.16116153E-5
2.30250001 8.15426683E-5
2.30349994 8.1473816E-5
2.3045001 8.14050363E-5
2.30550003 8.1336344E-5
2.30649996 8.12677463E-5
2.30749989 8.11992286E-5
2.30850005 8.11307982E-5
2.30949998 8.10624624E-5
2.31050014 8.09942067E-5
2.31150007 8.09260382E-5
2.3125 8.08579643E-5
2.31349993 8.07899705E-5
2.31449986 8.07220567E-5
2.31550002 8.06542303E-5
2.31649995 8.05864984E-5
2.31750011 8.05188465E-5
2.31850004 8.04512747E-5
2.31949997 8.03837975E-5
2.3204999 8.03164003E-5
2.32150006 8.02536088E-5
2.32249999 8.0181846E-5
2.32349992 8.01147107E-5
2.32450008 8.00476482E-5
2.32550001 7.9980673E-5
2.32649994 7.99137852E-5
2.32749987 7.98469773E-5
2.32850003 7.97802568E-5
2.32949996 7.97136236E-5
2.33050013 7.96470631E-5
2.33150005 7.958059E-5
2.33249998 7.95142114E-5
2.33349991 7.94479056E-5
2.33450007 7.93816798E-5
2.3355 7.93155486E-5
2.33649993 7.92494975E-5
2.3375001 7.91835191E-5
2.33850002 7.9117628E-5
2.33949995 7.90518243E-5
2.34049988 7.89861006E-5
2.34150004 7.89204496E-5
2.34249997 7.88549005E-5
2.34350014 7.87894169E-5
2.34450006 7.87240133E-5
2.34549999 7.86587043E-5
2.34649992 7.85934753E-5
2.34749985 7.85283191E-5
2.34850001 7.8463243E-5
2.34949994 7.83982541E-5
2.35050011 7.83333453E-5
2.35150003 7.82685092E-5
2.35249996 7.82037678E-5
2.35349989 7.81390918E-5
2.35450006 7.80745031E-5
2.35549998 7.80100017E-5
2.35650015 7.79455731E-5
2.35750008 7.78812173E-5
2.3585 7.7816956E-5
2.35949993 7.77527748E-5
2.36049986 7.76886591E-5
2.36150002 7.76246306E-5
2.36249995 7.75606823E-5
2.36350012 7.74968066E-5
2.36450005 7.7433011E-5
2.36549997 7.73693027E-5
2.3664999 7.73056672E-5
2.36750007 7.72421045E-5
2.36849999 7.71786363E-5
2.36949992 7.71152409E-5
2.37050009 7.70519182E-5
2.37150002 7.69886683E-5
2.37249994 7.69255057E-5
2.37349987 7.68624159E-5
2.37450004 7.67994061E-5
2.37549996 7.67364763E-5
2.37650013 7.66736193E-5
2.37750006 7.66108424E-5
2.37849998 7.65481454E-5
2.37949991 7.64855213E-5
2.38050008 7.64229699E-5
2.38150001 7.63605058E-5
2.38249993 7.62981217E-5
2.3835001 7.62401833E-5
2.38450003 7.61735428E-5
2.38549995 7.61113843E-5
2.38649988 7.60492912E-5
2.38750005 7.59872783E-5
2.38849998 7.59253526E-5
2.38950014 7.58634851E-5
2.39050007 7.58016977E-5
2.3915 7.57399976E-5
2.39249992 7.56783702E-5
2.39349985 7.56168083E-5
2.39450002 7.55553192E-5
2.39549994 7.54939174E-5
2.39650011 7.54325811E-5
2.39750004 7.53713248E-5
2.39849997 7.53101485E-5
2.40124989 7.51423358E-5
2.40925002 7.46575097E-5
2.42250013 7.38645031E-5
2.4375 7.29816093E-5
2.45249987 7.21147371E-5
2.46749997 7.1262657E-5
2.48250008 7.04258709E-5
2.49749994 6.96037168E-5
2.51250005 6.87961438E-5
2.52750015 6.80019803E-5
2.54250002 6.72217429E-5
2.55749989 6.64548352E-5
2.57249999 6.57009514E-5
2.5875001 6.49600552E-5
2.60249996 6.42310624E-5
2.61749983 6.3514497E-5
2.63250017 6.28098205E-5
2.64750004 6.21167637E-5
2.6624999 6.14353266E-5
2.67750001 6.0764487E-5
2.69250011 6.01047868E-5
2.70749998 5.94557205E-5
2.72249985 5.88170587E-5
2.73749995 5.81888235E-5
2.75250006 5.75700506E-5
2.76749992 5.69612821E-5
2.78250003 5.63620633E-5
2.79750013 5.57721905E-5
2.8125 5.51914673E-5
2.82749987 5.46199335E-5
2.84249997 5.40567016E-5
2.85750008 5.35023064E-5
2.87249994 5.29563222E-5
2.88750005 5.24185889E-5
2.90250015 5.18889356E-5
2.91750002 5.13674204E-5
2.93249989 5.08532066E-5
2.94749999 5.03468291E-5
2.9625001 4.98479058E-5
2.97749996 4.93562839E-5
2.99249983 4.88718251E-5
3.00750017 4.83945987E-5
3.02250004 4.79238224E-5
3.0374999 4.74600238E-5
3.05250001 4.70028463E-5
3.06750011 4.65521662E-5
3.08249998 4.61078562E-5
3.09749985 4.56697962E-5
3.11249995 4.523807E-5
3.12750006 4.48119536E-5
3.14249992 4.43919453E-5
3.15750003 4.39777396E-5
3.17250013 4.356922E-5
3.1875 4.31662847E-5
3.20249987 4.27688319E-5
3.21749997 4.23769561E-5
3.23250008 4.19899661E-5
3.24749994 4.1608364E-5
3.26250005 4.12318623E-5
3.27750015 4.08603628E-5
3.29250002 4.04937782E-5
3.30749989 4.01320212E-5
3.32249999 3.97751937E-5
3.3375001 3.94226445E-5
3.35249996 3.90748683E-5
3.36749983 3.87315886E-5
3.38250017 3.8392729E-5
3.39750004 3.80582132E-5
3.4124999 3.77279684E-5
3.42750001 3.74019219E-5
3.44250011 3.70801754E-5
3.45749998 3.67621215E-5
3.47249985 3.64482403E-5
3.48749995 3.61382772E-5
3.50250006 3.58321704E-5
3.51749992 3.55298507E-5
3.53250003 3.523126E-5
3.54750013 3.49363363E-5
3.5625 3.46451889E-5
3.57749987 3.43572392E-5
3.59249997 3.4072953E-5
3.60750008 3.3792101E-5
3.62249994 3.35146251E-5
3.63750005 3.32404707E-5
3.65250015 3.29695868E-5
3.66750002 3.27019188E-5
3.68249989 3.24374196E-5
3.69749999 3.21761981E-5
3.7125001 3.19177088E-5
3.72749996 3.16624064E-5
3.74249983 3.14100798E-5
3.75750017 3.11606709E-5
3.77250004 3.09141469E-5
3.7874999 3.06704605E-5
3.80250001 3.04295609E-5
3.81750011 3.01914115E-5
3.83249998 2.99559706E-5
3.84749985 2.97233473E-5
3.86249995 2.94930378E-5
3.87750006 2.92654731E-5
3.89249992 2.90404532E-5
3.90750003 2.88179453E-5
3.92250013 2.85979077E-5
3.9375 2.83803056E-5
3.95249987 2.8165101E-5
3.96749997 2.7952261E-5
3.98250008 2.77417494E-5
3.99749994 2.7533677E-5
4.01249981 2.73275728E-5
4.02750015 2.71238478E-5
4.04250002 2.69223165E-5
4.05749989 2.67229498E-5
4.07250023 2.65257186E-5
4.08749962 2.63305919E-5
4.10249996 2.61375353E-5
4.11750031 2.59465232E-5
4.13249969 2.57575284E-5
4.14750004 2.55705181E-5
4.16250038 2.53854651E-5
4.17749977 2.52024802E-5
4.19250011 2.50211306E-5
4.20749998 2.48417909E-5
4.22249985 2.46643049E-5
4.23750019 2.44886487E-5
4.25250006 2.43147915E-5
4.26749992 2.41427097E-5
4.28250027 2.39723831E-5
4.29749966 2.38037865E-5
4.3125 2.36368924E-5
4.32750034 2.34716808E-5
4.34249973 2.33081319E-5
4.35750008 2.31463455E-5
4.37249994 2.29859179E-5
4.38749981 2.28272147E-5
4.40250015 2.26700868E-5
4.41750002 2.25145068E-5
4.43249989 2.2360462E-5
4.44750023 2.22079289E-5
4.46249962 2.20568891E-5
4.47749996 2.1907319E-5
4.49250031 2.17592024E-5
4.50749969 2.16125227E-5
4.52250004 2.14672582E-5
4.53750038 2.13233907E-5
4.55249977 2.1181022E-5
4.56750011 2.10397793E-5
4.58249998 2.09000009E-5
4.59749985 2.07615485E-5
4.61250019 2.06244113E-5
4.62750006 2.04885655E-5
4.64249992 2.03539985E-5
4.65750027 2.02206957E-5
4.67249966 2.00886407E-5
4.6875 1.99578153E-5
4.70250034 1.9828205E-5
4.71749973 1.96997971E-5
4.73250008 1.95725752E-5
4.74749994 1.94465247E-5
4.76249981 1.93217384E-5
4.77750015 1.91978779E-5
4.79250002 1.90752562E-5
4.80749989 1.89537495E-5
4.82250023 1.8833347E-5
4.83749962 1.8714034E-5
4.85249996 1.85957942E-5
4.86750031 1.84786186E-5
4.88249969 1.83624925E-5
4.89750004 1.8247405E-5
4.91250038 1.81333398E-5
4.92749977 1.80202915E-5
4.94250011 1.79082454E-5
4.95749998 1.77971851E-5
4.97249985 1.76871035E-5
4.98750019 1.75780897E-5
5.00250006 1.74698271E-5
5.01749992 1.73626122E-5
5.03250027 1.72563305E-5
5.04749966 1.71509728E-5
5.0625 1.70465246E-5
5.07750034 1.69429768E-5
5.09249973 1.6840324E-5
5.10750008 1.67385497E-5
5.12249994 1.66376467E-5
5.13749981 1.65376023E-5
5.15250015 1.64384128E-5
5.16750002 1.63400618E-5
5.18249989 1.6242544E-5
5.19750023 1.61458502E-5
5.21249962 1.60499712E-5
5.22749996 1.59548945E-5
5.24250031 1.58607054E-5
5.25749969 1.57671184E-5
5.27250004 1.56744027E-5
5.28750038 1.55824564E-5
5.30249977 1.54912723E-5
5.31750011 1.54008412E-5
5.33249998 1.53111541E-5
5.34749985 1.52222019E-5
5.36250019 1.51339809E-5
5.37750006 1.50464784E-5
5.39249992 1.4959689E-5
5.40750027 1.48736062E-5
5.42249966 1.47882211E-5
5.4375 1.47035244E-5
5.45250034 1.46195098E-5
5.46749973 1.45361728E-5
5.48250008 1.44535043E-5
5.49749994 1.43714951E-5
5.51249981 1.42902236E-5
5.52750015 1.42094314E-5
5.54250002 1.41293649E-5
5.55749989 1.40499315E-5
5.57250023 1.39711265E-5
5.58749962 1.38929427E-5
5.60249996 1.38153709E-5
5.61750031 1.37384077E-5
5.63249969 1.36620465E-5
5.64750004 1.35862801E-5
5.66250038 1.35111031E-5
5.67749977 1.343651E-5
5.69250011 1.33624944E-5
5.70749998 1.32890482E-5
5.72249985 1.32161686E-5
5.73750019 1.31438492E-5
5.75250006 1.30720828E-5
5.76749992 1.30008648E-5
5.78250027 1.29301907E-5
5.79749966 1.28600541E-5
5.8125 1.2790525E-5
5.82750034 1.27213689E-5
5.84249973 1.2652813E-5
5.85750008 1.25847737E-5
5.87249994 1.25172446E-5
5.88749981 1.24502212E-5
5.90250015 1.23836999E-5
5.91750002 1.23176742E-5
5.93249989 1.22521406E-5
5.94750023 1.21870935E-5
5.96249962 1.21225285E-5
5.97749996 1.205844E-5
5.99250031 1.19948236E-5
6.00749969 1.19316765E-5
6.02250004 1.18689914E-5
6.03750038 1.18067655E-5
6.05249977 1.17449945E-5
6.06750011 1.16836745E-5
6.08249998 1.16227993E-5
6.09749985 1.15623652E-5
6.11250019 1.15023695E-5
6.12750006 1.14428058E-5
6.14249992 1.13836713E-5
6.15750027 1.13250298E-5
6.17249966 1.12666739E-5
6.1875 1.12088028E-5
6.20250034 1.11513446E-5
6.21749973 1.10942965E-5
6.23250008 1.10376541E-5
6.24749994 1.09814118E-5
6.26249981 1.09255679E-5
6.27750015 1.08701197E-5
6.29250002 1.08150607E-5
6.30749989 1.07603882E-5
6.32250023 1.07061005E-5
6.33749962 1.06521929E-5
6.35249996 1.05986601E-5
6.36750031 1.0545501E-5
6.38249969 1.04927112E-5
6.39750004 1.0440288E-5
6.41250038 1.03882267E-5
6.42749977 1.03365264E-5
6.44250011 1.02851818E-5
6.45749998 1.02341901E-5
6.47249985 1.01835476E-5
6.48750019 1.01332535E-5
6.50250006 1.00833022E-5
6.51749992 1.00337502E-5
6.53250027 9.98441647E-6
6.54749966 9.93547837E-6
6.5625 9.88687134E-6
6.57750034 9.83859263E-6
6.59249973 9.79063952E-6
6.60750008 9.7430102E-6
6.62249994 9.6957001E-6
6.63749981 9.64870742E-6
6.65250015 9.60202942E-6
6.66750002 9.55566247E-6
6.68249989 9.50960384E-6
6.69750023 9.46385353E-6
6.71249962 9.41840608E-6
6.72749996 9.37325876E-6
6.74250031 9.32840976E-6
6.75749969 9.28385725E-6
6.77250004 9.2395976E-6
6.78750038 9.19562808E-6
6.80249977 9.15194778E-6
6.81750011 9.10855306E-6
6.83249998 9.06544119E-6
6.84749985 9.02261036E-6
6.86250019 8.98005874E-6
6.87750006 8.9377827E-6
6.89249992 8.8957795E-6
6.90750027 8.85405007E-6
6.92249966 8.81258893E-6
6.9375 8.77144612E-6
6.95250034 8.73046247E-6
6.96749973 8.68979532E-6
6.98250008 8.6493892E-6
6.99749994 8.60923956E-6
7.01249981 8.56934639E-6
7.02750015 8.52970788E-6
7.04250002 8.49031949E-6
7.05749989 8.45118211E-6
7.07250023 8.41229212E-6
7.08749962 8.37364769E-6
7.10249996 8.335247E-6
7.11750031 8.29708733E-6
7.13249969 8.25916777E-6
7.14750004 8.22148468E-6
7.16250038 8.18403805E-6
7.17749977 8.14682517E-6
7.19250011 8.10984511E-6
7.20749998 8.07309334E-6
7.22249985 8.03656985E-6
7.23750019 8.00027374E-6
7.25250006 7.96420136E-6
7.26749992 7.92835181E-6
7.28250027 7.89272326E-6
7.29749966 7.8573139E-6
7.3125 7.82212192E-6
7.32750034 7.78714457E-6
7.34249973 7.75238186E-6
7.35750008 7.71783198E-6
7.37249994 7.68349219E-6
7.38749981 7.64936067E-6
7.40250015 7.61548154E-6
7.41750002 7.58171745E-6
7.43249989 7.54820257E-6
7.44750023 7.51489097E-6
7.46249962 7.4817799E-6
7.47749996 7.44886756E-6
7.49250031 7.41615258E-6
7.50749969 7.38363451E-6
7.52250004 7.35131061E-6
7.53750038 7.31917953E-6
7.55249977 7.28724081E-6
7.56750011 7.25549216E-6
7.58249998 7.22393133E-6
7.59749985 7.19255786E-6
7.61250019 7.16137038E-6
7.62750006 7.13036707E-6
7.64249992 7.09954656E-6
7.65750027 7.06890796E-6
7.67249966 7.03844944E-6
7.6875 7.00816963E-6
7.70250034 6.97806672E-6
7.71749973 6.94814025E-6
7.73250008 6.91838886E-6
7.74749994 6.88881028E-6
7.76249981 6.85940358E-6
7.77750015 6.83016833E-6
7.79250002 6.80110224E-6
7.80749989 6.77220442E-6
7.82250023 6.74347348E-6
7.83749962 6.71490898E-6
7.85249996 6.68650819E-6
7.86750031 6.65827065E-6
7.88249969 6.63019546E-6
7.89750004 6.60228079E-6
7.91250038 6.57456485E-6
7.92749977 6.5469294E-6
7.94250011 6.5194904E-6
7.95749998 6.49220738E-6
7.97249985 6.46507942E-6
7.98750019 6.43810608E-6
8.00250053 6.41128463E-6
8.01749992 6.38461506E-6
8.03249931 6.35809647E-6
8.04750061 6.33172613E-6
8.0625 6.30550539E-6
8.07749939 6.27943155E-6
8.09250069 6.25350322E-6
8.10750008 6.22772041E-6
8.12249947 6.2020822E-6
8.13750076 6.17658634E-6
8.15250015 6.15123281E-6
8.16749954 6.12602071E-6
8.18249989 6.10094821E-6
8.19750023 6.07601487E-6
8.21249962 6.05121886E-6
8.22749996 6.02656064E-6
8.24250031 6.00203839E-6
8.25749969 5.97765029E-6
8.27250004 5.95339725E-6
8.28750038 5.92927745E-6
8.30249977 5.90528907E-6
8.31750011 5.88143257E-6
8.33250046 5.85770658E-6
8.34749985 5.8341102E-6
8.36249924 5.81064205E-6
8.37750053 5.78730078E-6
8.39249992 5.76408729E-6
8.40749931 5.74099931E-6
8.42250061 5.71803594E-6
8.4375 5.69519716E-6
8.45249939 5.67248162E-6
8.46750069 5.64988795E-6
8.48250008 5.62741616E-6
8.49749947 5.60506578E-6
8.51250076 5.58286638E-6
8.52750015 5.56072155E-6
8.54249954 5.53872769E-6
8.55749989 5.51685162E-6
8.57250023 5.49509195E-6
8.58749962 5.47344735E-6
8.60249996 5.4519187E-6
8.61750031 5.43050419E-6
8.63249969 5.40920246E-6
8.64750004 5.38801396E-6
8.66250038 5.36693733E-6
8.67749977 5.3459712E-6
8.69250011 5.32511649E-6
8.70750046 5.30437092E-6
8.72249985 5.28373494E-6
8.73749924 5.26320673E-6
8.75250053 5.24278539E-6
8.76749992 5.22247137E-6
8.78249931 5.20226331E-6
8.79750061 5.18216029E-6
8.8125 5.16216232E-6
8.82749939 5.14226804E-6
8.84250069 5.12247652E-6
8.85750008 5.10278824E-6
8.87249947 5.08320181E-6
8.88750076 5.06371589E-6
8.90250015 5.04433137E-6
8.91749954 5.02504645E-6
8.93249989 5.00586066E-6
8.94750023 4.98677355E-6
8.96249962 4.9677833E-6
8.97749996 4.94889127E-6
8.99250031 4.93009611E-6
9.00749969 4.91139599E-6
9.02250004 4.89279182E-6
9.03750038 4.87428269E-6
9.05249977 4.85586679E-6
9.06750011 4.83754502E-6
9.08250046 4.81931602E-6
9.09749985 4.80117933E-6
9.11249924 4.7831345E-6
9.12750053 4.76518017E-6
9.14249992 4.74731678E-6
9.15749931 4.72954343E-6
9.17250061 4.71185922E-6
9.1875 4.69429051E-6
9.20249939 4.67675636E-6
9.21750069 4.65933635E-6
9.23250008 4.64200411E-6
9.24749947 4.62475828E-6
9.26250076 4.60759793E-6
9.27750015 4.59052399E-6
9.29249954 4.57353417E-6
9.30749989 4.55662939E-6
9.32250023 4.53980783E-6
9.33749962 4.52306949E-6
9.35249996 4.50641392E-6
9.36750031 4.4898411E-6
9.38249969 4.47334924E-6
9.39750004 4.45693922E-6
9.41250038 4.4406097E-6
9.42749977 4.42436021E-6
9.44250011 4.40819031E-6
9.45750046 4.39209998E-6
9.47249985 4.37608833E-6
9.48749924 4.36015489E-6
9.50250053 4.34429876E-6
9.51749992 4.32852039E-6
9.53249931 4.31281842E-6
9.54750061 4.29719239E-6
9.5625 4.28164276E-6
9.57749939 4.26616862E-6
9.59250069 4.2507686E-6
9.60750008 4.23544361E-6
9.62249947 4.2201923E-6
9.63750076 4.20501419E-6
9.65250015 4.18990976E-6
9.66749954 4.17487763E-6
9.68249989 4.15991781E-6
9.69750023 4.14502983E-6
9.71249962 4.1302128E-6
9.72749996 4.11546671E-6
9.74250031 4.1007911E-6
9.75749969 4.08618507E-6
9.77250004 4.07164907E-6
9.78750038 4.0571822E-6
9.80249977 4.04278353E-6
9.81750011 4.02845399E-6
9.83250046 4.01419175E-6
9.84749985 3.99999772E-6
9.86249924 3.98587008E-6
9.87750053 3.97180884E-6
9.89249992 3.95781444E-6
9.90749931 3.94388599E-6
9.92250061 3.93002256E-6
9.9375 3.91622461E-6
9.95249939 3.9024917E-6
9.96750069 3.88884382E-6
9.98250008 3.87521686E-6
9.99749947 3.8616754E-6
10.0125008 3.84819714E-6
10.0275002 3.83478164E-6
10.0424995 3.82142844E-6
10.0574999 3.80813776E-6
10.0725002 3.79490848E-6
10.0874996 3.78174036E-6
10.1025 3.76863341E-6
10.1175003 3.75558716E-6
10.1324997 3.74260094E-6
10.1475 3.72967475E-6
10.1625004 3.71680835E-6
10.1774998 3.70400062E-6
10.1925001 3.69125223E-6
10.2075005 3.67856228E-6
10.2224998 3.66593076E-6
10.2374992 3.65335677E-6
10.2525005 3.64084008E-6
10.2674999 3.62838091E-6
10.2824993 3.61597881E-6
10.2975006 3.60363265E-6
10.3125 3.5913431E-6
10.3274994 3.57910926E-6
10.3425007 3.56693067E-6
10.3575001 3.55480779E-6
10.3724995 3.54273993E-6
10.3875008 3.53072596E-6
10.4025002 3.51876702E-6
10.4174995 3.50686173E-6
10.4324999 3.49501033E-6
10.4475002 3.48321214E-6
10.4624996 3.4714667E-6
10.4775 3.45977446E-6
10.4925003 3.44813452E-6
10.5074997 3.43654665E-6
10.5225 3.42501085E-6
10.5375004 3.41352643E-6
10.5524998 3.40209317E-6
10.5675001 3.39071107E-6
10.5825005 3.3793799E-6
10.5974998 3.36809899E-6
10.6124992 3.35686832E-6
10.6275005 3.34568699E-6
10.6424999 3.33455569E-6
10.6574993 3.32347372E-6
10.6725006 3.31244041E-6
10.6875 3.30145599E-6
10.7024994 3.29052023E-6
10.7175007 3.27963244E-6
10.7325001 3.26879285E-6
10.7474995 3.25800079E-6
10.7625008 3.24725579E-6
10.7775002 3.23655831E-6
10.7924995 3.2259079E-6
10.8074999 3.21530388E-6
10.8225002 3.20474646E-6
10.8374996 3.19423452E-6
10.8525 3.18376897E-6
10.8675003 3.17334889E-6
10.8824997 3.16299065E-6
10.8975 3.15264424E-6
10.9125004 3.14235945E-6
10.9274998 3.13211922E-6
10.9425001 3.12192333E-6
10.9575005 3.11177178E-6
10.9724998 3.10166411E-6
10.9874992 3.09160009E-6
11.0025005 3.08157905E-6
11.0174999 3.07160144E-6
11.0324993 3.06166703E-6
11.0475006 3.05177491E-6
11.0625 3.04192554E-6
11.0774994 3.03211823E-6
11.0925007 3.02235276E-6
11.1075001 3.01262958E-6
11.1224995 3.00294778E-6
11.1375008 2.99330691E-6
11.1525002 2.98370765E-6
11.1674995 2.97414931E-6
11.1824999 2.96463145E-6
11.1975002 2.95515429E-6
11.2124996 2.94571691E-6
11.2275 2.93631979E-6
11.2425003 2.92696268E-6
11.2574997 2.91764468E-6
11.2725 2.90836647E-6
11.2875004 2.89912759E-6
11.3024998 2.88992715E-6
11.3175001 2.88076581E-6
11.3325005 2.87164312E-6
11.3474998 2.86255886E-6
11.3624992 2.85351257E-6
11.3775005 2.84450402E-6
11.3924999 2.83553345E-6
11.4074993 2.82660062E-6
11.4225006 2.81770463E-6
11.4375 2.80884638E-6
11.4524994 2.80002473E-6
11.4675007 2.79123992E-6
11.4825001 2.78249172E-6
11.4974995 2.7737799E-6
11.5125008 2.76510423E-6
11.5275002 2.75646471E-6
11.5424995 2.74786089E-6
11.5574999 2.73929277E-6
11.5725002 2.73076034E-6
11.5874996 2.72226271E-6
11.6025 2.71380031E-6
11.6175003 2.70537294E-6
11.6324997 2.69698012E-6
11.6475 2.68862186E-6
11.6625004 2.68029817E-6
11.6774998 2.67200835E-6
11.6925001 2.66375287E-6
11.7075005 2.65553103E-6
11.7224998 2.64734308E-6
11.7374992 2.63918855E-6
11.7525005 2.63106699E-6
11.7674999 2.62297885E-6
11.7824993 2.61492369E-6
11.7975006 2.60690103E-6
11.8125 2.59891135E-6
11.8274994 2.59095418E-6
11.8425007 2.58302907E-6
11.8575001 2.57513625E-6
11.8724995 2.56727549E-6
11.8875008 2.55944633E-6
11.9025002 2.551649E-6
11.9174995 2.54388328E-6
11.9324999 2.53614871E-6
11.9475002 2.52844552E-6
11.9624996 2.5207853E-6
11.9775 2.51313122E-6
11.9925003 2.50552057E-6
12.0074997 2.49794016E-6
12.0225 2.49039044E-6
12.0375004 2.48287097E-6
12.0524998 2.47538128E-6
12.0675001 2.46792183E-6
12.0825005 2.46049217E-6
12.0974998 2.45309229E-6
12.1124992 2.44572175E-6
12.1275005 2.43838031E-6
12.1424999 2.43106842E-6
12.1574993 2.42378542E-6
12.1725006 2.41653129E-6
12.1875 2.40930603E-6
12.2024994 2.40210943E-6
12.2175007 2.39494102E-6
12.2325001 2.38780126E-6
12.2474995 2.38068969E-6
12.2625008 2.37360609E-6
12.2775002 2.36655046E-6
12.2924995 2.3595228E-6
12.3074999 2.35252264E-6
12.3225002 2.34555E-6
12.3374996 2.33860465E-6
12.3525 2.3316868E-6
12.3675003 2.32479579E-6
12.3824997 2.31793183E-6
12.3975 2.3110947E-6
12.4125004 2.30428441E-6
12.4274998 2.29750071E-6
12.4425001 2.2907434E-6
12.4575005 2.28401245E-6
12.4724998 2.27730766E-6
12.4874992 2.27062901E-6
12.5025005 2.26397628E-6
12.5174999 2.25734925E-6
12.5324993 2.25074814E-6
12.5475006 2.24417249E-6
12.5625 2.23762231E-6
12.5774994 2.23109737E-6
12.5925007 2.22459767E-6
12.6075001 2.21812297E-6
12.6224995 2.21167352E-6
12.6375008 2.20524862E-6
12.6525002 2.19884851E-6
12.6674995 2.19247318E-6
12.6824999 2.18612217E-6
12.6975002 2.17979573E-6
12.7124996 2.17349316E-6
12.7275 2.16721492E-6
12.7425003 2.16096078E-6
12.7574997 2.15473051E-6
12.7725 2.14852389E-6
12.7875004 2.14234115E-6
12.8024998 2.13618182E-6
12.8175001 2.13004614E-6
12.8325005 2.12393365E-6
12.8474998 2.11784459E-6
12.8624992 2.11177849E-6
12.8775005 2.10573512E-6
12.8924999 2.09971518E-6
12.9074993 2.09371774E-6
12.9225006 2.08774281E-6
12.9375 2.08179085E-6
12.9524994 2.07586118E-6
12.9675007 2.06995378E-6
12.9825001 2.06406889E-6
12.9974995 2.05820606E-6
13.0125008 2.05236506E-6
13.0275002 2.04654634E-6
13.0424995 2.04074945E-6
13.0574999 2.03497416E-6
13.0725002 2.0292207E-6
13.0874996 2.02348838E-6
13.1025 2.01777789E-6
13.1175003 2.01208854E-6
13.1324997 2.00642057E-6
13.1475 2.00077375E-6
13.1625004 1.99514784E-6
13.1774998 1.98954285E-6
13.1925001 1.98395878E-6
13.2075005 1.97839563E-6
13.2224998 1.97285317E-6
13.2374992 1.96733117E-6
13.2525005 1.96183828E-6
13.2674999 1.95634811E-6
13.2824993 1.95088728E-6
13.2975006 1.94544646E-6
13.3125 1.94002587E-6
13.3274994 1.93462529E-6
13.3425007 1.92924449E-6
13.3575001 1.92388347E-6
13.3724995 1.91854247E-6
13.3875008 1.91322079E-6
13.4025002 1.90791889E-6
13.4174995 1.90263643E-6
13.4324999 1.89737329E-6
13.4475002 1.89212949E-6
13.4624996 1.88690478E-6
13.4775 1.88169918E-6
13.4925003 1.87651278E-6
13.5074997 1.87134503E-6
13.5225 1.86619627E-6
13.5375004 1.86106638E-6
13.5524998 1.85595491E-6
13.5675001 1.8508623E-6
13.5825005 1.84578812E-6
13.5974998 1.84073235E-6
13.6124992 1.835695E-6
13.6275005 1.83067573E-6
13.6424999 1.82567476E-6
13.6574993 1.82069198E-6
13.6725006 1.81572693E-6
13.6875 1.81078008E-6
13.7024994 1.80585096E-6
13.7175007 1.80093957E-6
13.7325001 1.79604604E-6
13.7474995 1.79117001E-6
13.7625008 1.78631149E-6
13.7775002 1.78147047E-6
13.7924995 1.77664697E-6
13.8074999 1.77184063E-6
13.8225002 1.76705157E-6
13.8374996 1.76227957E-6
13.8525 1.75752473E-6
13.8675003 1.75278683E-6
13.8824997 1.74806576E-6
13.8975 1.74336174E-6
13.9125004 1.73867443E-6
13.9274998 1.73400372E-6
13.9425001 1.72934972E-6
13.9575005 1.72471232E-6
13.9724998 1.7200914E-6
13.9874992 1.71548686E-6
14.0025005 1.71089846E-6
14.0174999 1.70632654E-6
14.0324993 1.70177077E-6
14.0475006 1.69723103E-6
14.0625 1.69270743E-6
14.0774994 1.68819986E-6
14.0925007 1.68370798E-6
14.1075001 1.67923213E-6
14.1224995 1.67477208E-6
14.1375008 1.67032749E-6
14.1525002 1.66589871E-6
14.1674995 1.66148561E-6
14.1824999 1.65708786E-6
14.1975002 1.65270558E-6
14.2124996 1.64833853E-6
14.2275 1.64398693E-6
14.2425003 1.63965058E-6
14.2574997 1.63532923E-6
14.2725 1.631023E-6
14.2875004 1.626732E-6
14.3024998 1.62245567E-6
14.3175001 1.61819446E-6
14.3325005 1.61394803E-6
14.3474998 1.60971649E-6
14.3624992 1.60549951E-6
14.3775005 1.60129719E-6
14.3924999 1.59710942E-6
14.4074993 1.59293631E-6
14.4225006 1.58877742E-6
14.4375 1.5846332E-6
14.4524994 1.58050318E-6
14.4675007 1.57638738E-6
14.4825001 1.5722859E-6
14.4974995 1.56819851E-6
14.5125008 1.56412511E-6
14.5275002 1.56006593E-6
14.5424995 1.55602072E-6
14.5574999 1.55198939E-6
14.5725002 1.54797192E-6
14.5874996 1.5439681E-6
14.6025 1.53997814E-6
14.6175003 1.53600183E-6
14.6324997 1.53203905E-6
14.6475 1.52808991E-6
14.6625004 1.5241543E-6
14.6774998 1.5202321E-6
14.6925001 1.51632332E-6
14.7075005 1.51242784E-6
14.7224998 1.50854578E-6
14.7374992 1.50467679E-6
14.7525005 1.50082087E-6
14.7674999 1.49697826E-6
14.7824993 1.4931486E-6
14.7975006 1.48933191E-6
14.8125 1.48552829E-6
14.8274994 1.48174342E-6
14.8425007 1.47795936E-6
14.8575001 1.47419416E-6
14.8724995 1.47044182E-6
14.8875008 1.46670186E-6
14.9025002 1.46297475E-6
14.9174995 1.45926026E-6
14.9324999 1.45555816E-6
14.9475002 1.45186868E-6
14.9624996 1.44819137E-6
14.9775 1.44452656E-6
14.9925003 1.44087403E-6
15.0074997 1.43723378E-6
15.0225 1.43360569E-6
15.0375004 1.42998988E-6
15.0524998 1.42638601E-6
15.0675001 1.4227943E-6
15.0825005 1.41921464E-6
15.0974998 1.41564692E-6
15.1124992 1.41209102E-6
15.1275005 1.40854695E-6
15.1424999 1.40501481E-6
15.1574993 1.4014945E-6
15.1725006 1.39798567E-6
15.1875 1.39448866E-6
15.2024994 1.39100325E-6
15.2175007 1.38752932E-6
15.2325001 1.3840671E-6
15.2474995 1.38061625E-6
15.2625008 1.37717677E-6
15.2775002 1.37374866E-6
15.2924995 1.37033203E-6
15.3074999 1.36692665E-6
15.3225002 1.36353253E-6
15.3374996 1.36014944E-6
15.3525 1.3567776E-6
15.3675003 1.35341691E-6
15.3824997 1.35006724E-6
15.3975 1.3467286E-6
15.4125004 1.34340098E-6
15.4274998 1.34008417E-6
15.4425001 1.33677827E-6
15.4575005 1.33348328E-6
15.4724998 1.3301991E-6
15.4874992 1.3269256E-6
15.5025005 1.32366279E-6
15.5174999 1.32041066E-6
15.5324993 1.31716922E-6
15.5475006 1.31393824E-6
15.5625 1.31071795E-6
15.5774994 1.307508E-6
15.5925007 1.30430851E-6
15.6075001 1.30111948E-6
15.6224995 1.29794091E-6
15.6375008 1.29477246E-6
15.6525002 1.29161447E-6
15.6674995 1.28846671E-6
15.6824999 1.28532918E-6
15.6975002 1.28220165E-6
15.7124996 1.27908436E-6
15.7275 1.27597707E-6
15.7425003 1.2728799E-6
15.7574997 1.26979262E-6
15.7725 1.26671546E-6
15.7875004 1.26364807E-6
15.8024998 1.26059058E-6
15.8175001 1.25754309E-6
15.8325005 1.25450526E-6
15.8474998 1.25147722E-6
15.8624992 1.24845894E-6
15.8775005 1.24545022E-6
15.8924999 1.24245128E-6
15.9074993 1.23946199E-6
15.9225006 1.23648215E-6
15.9375 1.23351185E-6
15.9524994 1.23055111E-6
15.9675007 1.2275998E-6
15.9825001 1.22465792E-6
15.9974995 1.22172548E-6
16.1743641 1.18803268E-6
16.5166798 1.12592295E-6
16.8662395 1.06689117E-6
17.2231979 1.01080138E-6
17.5877113 9.57523071E-7
17.959938 9.06930438E-7
18.3400421 8.58902126E-7
18.7281933 8.13321492E-7
19.1245575 7.70076156E-7
19.5293102 7.29057888E-7
19.9426289 6.90162949E-7
20.3646965 6.53291238E-7
20.7956963 6.18346689E-7
21.235817 5.8523699E-7
21.6852531 5.53873519E-7
22.1442013 5.24171014E-7
22.6128635 4.9604796E-7
23.0914421 4.69425942E-7
23.5801506 4.44229897E-7
24.0792027 4.2038792E-7
24.5888157 3.97831116E-7
25.1092148 3.76493574E-7
25.6406288 3.56312256E-7
26.1832886 3.37226908E-7
26.7374325 3.19179975E-7
27.3033047 3.02116547E-7
27.8811531 2.85984186E-7
28.4712315 2.70732926E-7
29.0737991 2.5631519E-7
29.6891193 2.42685644E-7
