0.499499977 4.07716755E-7
0.502499998 2.09520986E-5
0.505500019 2.10949256E-5
0.50849998 2.1250502E-5
0.511500001 2.13951462E-5
0.514500022 2.15376094E-5
0.517249942 2.16800054E-5
0.519249976 2.17620291E-5
0.520500004 2.18009118E-5
0.521499991 2.17991746E-5
0.522500038 2.17991201E-5
0.523499966 2.17980541E-5
0.524500012 2.17974193E-5
0.5255 2.17968645E-5
0.526499987 2.17957404E-5
0.527500033 2.1795664E-5
0.528499961 2.17941888E-5
0.529500008 2.17943525E-5
0.530499995 2.17926518E-5
0.531499982 2.179279E-5
0.532500029 2.17913857E-5
0.533499956 2.17911402E-5
0.534500003 2.17902252E-5
0.53550005 2.13543699E-5
0.536499977 2.07484773E-5
0.537500024 1.76936737E-5
0.538499951 1.28505062E-5
0.539499998 1.28450838E-5
0.540500045 1.28413294E-5
0.541499972 1.28346728E-5
0.542500019 1.28321517E-5
0.543500006 1.282433E-5
0.544499993 1.28228257E-5
0.54550004 1.28142183E-5
0.546499968 1.28132915E-5
0.547500014 1.2804393E-5
0.548500001 1.28030788E-5
0.54974997 1.27953954E-5
0.551749945 1.27857329E-5
0.554499984 1.27727553E-5
0.557500005 1.27592211E-5
0.560500026 1.27634212E-5
0.563499987 1.2806584E-5
0.566500008 1.28501188E-5
0.569499969 1.2899528E-5
0.57249999 1.29418277E-5
0.575500011 1.29918772E-5
0.578500032 1.30335266E-5
0.581499994 1.30836843E-5
0.584500015 1.31251991E-5
0.587499976 1.31749275E-5
0.590499997 1.32168298E-5
0.593500018 1.32655623E-5
0.596500039 1.3308575E-5
0.5995 1.33566664E-5
0.602499962 1.34089814E-5
0.605499983 1.34631218E-5
0.608500004 1.35208502E-5
0.611500025 1.35713271E-5
0.614499986 1.36326134E-5
0.617500007 1.36832959E-5
0.620499969 1.37398647E-5
0.62349999 1.37955249E-5
0.62650001 1.38463402E-5
0.629500031 1.39074955E-5
0.632499993 1.39584445E-5
0.635500014 1.4012563E-5
0.638499975 1.40704915E-5
0.641499996 1.41219425E-5
0.644500017 1.4179438E-5
0.647500038 1.42365789E-5
0.6505 1.42887029E-5
0.653499961 1.43467205E-5
0.656499982 1.44034302E-5
0.659500003 1.4455738E-5
0.662500024 1.45125387E-5
0.665499985 1.45704789E-5
0.668500006 1.46229931E-5
0.671499968 1.4651122E-5
0.674499989 1.46962175E-5
0.67750001 1.47479477E-5
0.680500031 1.47977371E-5
0.683499992 1.48484978E-5
0.686500013 1.48974523E-5
0.689499974 1.49436701E-5
0.692499995 1.49899688E-5
0.695500016 1.50416972E-5
0.698500037 1.50901506E-5
0.701499999 1.51364675E-5
0.70449996 1.51828035E-5
0.707499981 1.52330686E-5
0.710500002 1.52827051E-5
0.713500023 1.53291421E-5
0.716499984 1.53755464E-5
0.719500005 1.54114114E-5
0.722499967 1.50783135E-5
0.725499988 1.38706582E-5
0.728500009 1.38868218E-5
0.73150003 1.39029398E-5
0.734499991 1.39190433E-5
0.737500012 1.3936914E-5
0.740499973 1.39623144E-5
0.743499994 1.40072707E-5
0.746500015 1.40523289E-5
0.749500036 1.40974189E-5
0.752499998 1.41426062E-5
0.755500019 1.4190704E-5
0.75849998 1.42379222E-5
0.761500001 1.4283557E-5
0.764500022 1.43294928E-5
0.767499983 1.43754469E-5
0.770500004 1.44214227E-5
0.773499966 1.44674259E-5
0.776499987 1.45139347E-5
0.779500008 1.45635877E-5
0.782500029 1.46091188E-5
0.78549999 1.46546436E-5
0.788500011 1.47001383E-5
0.791499972 1.47456485E-5
0.794499993 1.47899682E-5
0.797500014 1.48333793E-5
0.800500035 1.48790587E-5
0.803499997 1.49255193E-5
0.806500018 1.4959056E-5
0.809499979 1.49852258E-5
0.8125 1.5027772E-5
0.815500021 1.50746755E-5
0.818499982 1.5121841E-5
0.821500003 1.51693275E-5
0.824499965 1.52171269E-5
0.827499986 1.526493E-5
0.830500007 1.53127348E-5
0.833500028 1.53605524E-5
0.836499989 1.54081135E-5
0.83950001 1.54523714E-5
0.842499971 1.5487878E-5
0.845499992 1.55183898E-5
0.848500013 1.55488651E-5
0.851500034 1.55792986E-5
0.854499996 1.55993603E-5
0.857500017 1.55447397E-5
0.860499978 1.55257076E-5
0.863499999 1.55413654E-5
0.86650002 1.54915178E-5
0.869499981 1.49167417E-5
0.872500002 1.41578785E-5
0.875499964 1.39260492E-5
0.878499985 1.39484864E-5
0.881500006 1.39828462E-5
0.884500027 1.40171887E-5
0.887499988 1.40514976E-5
0.890500009 1.4085771E-5
0.89349997 1.41200035E-5
0.896499991 1.41542951E-5
0.899500012 1.41894725E-5
0.902500033 1.42266508E-5
0.905499995 1.42651224E-5
0.908500016 1.43035559E-5
0.911499977 1.43419429E-5
0.914499998 1.43802881E-5
0.917500019 1.44185933E-5
0.92050004 1.44568976E-5
0.923500001 1.44951246E-5
0.926499963 1.45332915E-5
0.929499984 1.45719596E-5
0.932500005 1.46122584E-5
0.935500026 1.46506036E-5
0.938499987 1.46887751E-5
0.941500008 1.47268574E-5
0.944499969 1.47648816E-5
0.94749999 1.48028657E-5
0.950500011 1.48412373E-5
0.953500032 1.4880211E-5
0.956499994 1.49193856E-5
0.959500015 1.49585449E-5
0.962499976 1.49976358E-5
0.965499997 1.50379128E-5
0.968500018 1.50803053E-5
0.971500039 1.51195745E-5
0.9745 1.51585455E-5
0.977499962 1.51974482E-5
0.980499983 1.52362818E-5
0.983500004 1.52750381E-5
0.986500025 1.53137444E-5
0.989499986 1.53524325E-5
0.992500007 1.53935835E-5
0.995499969 1.54357695E-5
0.99849999 1.54744484E-5
1.00150001 1.55128218E-5
1.00450003 1.5551077E-5
1.00749993 1.55893449E-5
1.01049995 1.56275946E-5
1.01349998 1.56658643E-5
1.0165 1.57110971E-5
1.01950002 1.57489867E-5
1.02250004 1.57831892E-5
1.02550006 1.58184175E-5
1.02849996 1.5855403E-5
1.03149998 1.58930925E-5
1.0345 1.59343072E-5
1.03750002 1.59767806E-5
1.04050004 1.60143518E-5
1.04349995 1.60517247E-5
1.04649997 1.60889904E-5
1.04949999 1.61262833E-5
1.05250001 1.61678854E-5
1.05550003 1.62102951E-5
1.05850005 1.62473934E-5
1.06149995 1.62843335E-5
1.06449997 1.63211826E-5
1.0675 1.6358048E-5
1.07050002 1.64048906E-5
1.07350004 1.64420489E-5
1.07649994 1.64769626E-5
1.07949996 1.65130041E-5
1.08249998 1.65521542E-5
1.0855 1.66090867E-5
1.08850002 1.6657943E-5
1.09150004 1.67033213E-5
1.09450006 1.67485778E-5
1.09749997 1.67940107E-5
1.10049999 1.68557635E-5
1.10350001 1.69105879E-5
1.10650003 1.69631439E-5
1.10949993 1.7015589E-5
1.11249995 1.70729236E-5
1.11549997 1.71400497E-5
1.11849999 1.71921511E-5
1.12150002 1.72438813E-5
1.12450004 1.72954824E-5
1.12750006 1.73639255E-5
1.13049996 1.74203706E-5
1.13349998 1.74718389E-5
1.1365 1.75231435E-5
1.13950002 1.75857713E-5
1.14250004 1.76487574E-5
1.14549994 1.7699922E-5
1.14849997 1.775089E-5
1.15149999 1.78105875E-5
1.15450001 1.7877177E-5
1.15750003 1.79280178E-5
1.16050005 1.7978633E-5
1.16349995 1.80384031E-5
1.16649997 1.81055766E-5
1.16949999 1.81560226E-5
1.17250001 1.82062486E-5
1.17550004 1.82692729E-5
1.17849994 1.83337834E-5
1.18149996 1.83837947E-5
1.18449998 1.84335931E-5
1.1875 1.85032295E-5
1.19050002 1.85616973E-5
1.19350004 1.86112029E-5
1.19650006 1.86610978E-5
1.19949996 1.87359401E-5
1.20249999 1.87657915E-5
1.20550001 1.87949754E-5
1.20850003 1.88319918E-5
1.21150005 1.8871644E-5
1.21449995 1.88996182E-5
1.21749997 1.89219718E-5
1.22049999 1.89687235E-5
1.22350001 1.89994153E-5
1.22650003 1.90283172E-5
1.22950006 1.9066696E-5
1.23249996 1.91059153E-5
1.23549998 1.91344207E-5
1.2385 1.91652234E-5
1.24150002 1.92119624E-5
1.24450004 1.92402749E-5
1.24749994 1.92684711E-5
1.25049996 1.93133965E-5
1.25349998 1.93457581E-5
1.25650001 1.93735159E-5
1.25950003 1.94131953E-5
1.26250005 1.9450863E-5
1.26550007 1.94781915E-5
1.26849997 1.95135144E-5
1.27149999 1.95555549E-5
1.27450001 1.95825178E-5
1.27750003 1.96143828E-5
1.28049994 1.96597739E-5
1.28349996 1.96864275E-5
1.28649998 1.97157678E-5
1.2895 1.97635472E-5
1.29250002 1.9789888E-5
1.29550004 1.98176858E-5
1.29850006 1.98669841E-5
1.30149996 1.9893092E-5
1.30449998 1.9916919E-5
1.3075 1.99382794E-5
1.31050003 1.97885274E-5
1.31350005 1.96156852E-5
1.31649995 1.9697949E-5
1.31949997 1.9740457E-5
1.32249999 1.97896152E-5
1.32550001 1.98695197E-5
1.32850003 1.99113347E-5
1.33150005 1.99650567E-5
1.33449996 2.00408558E-5
1.33749998 2.00819049E-5
1.3405 2.01422918E-5
1.34350002 2.02116171E-5
1.34650004 2.02521769E-5
1.34949994 2.03210657E-5
1.35249996 2.03819454E-5
1.35549998 2.04220341E-5
1.3585 2.05014476E-5
1.36150002 2.05518045E-5
1.36450005 2.05931701E-5
1.36750007 2.06817185E-5
1.37049997 2.0721136E-5
1.37349999 2.07757366E-5
1.37650001 2.08516649E-5
1.37950003 2.0890051E-5
1.38249993 2.09603058E-5
1.38549995 2.10205144E-5
1.38849998 2.10584421E-5
1.3915 2.1146443E-5
1.39450002 2.11888109E-5
1.39750004 2.12409486E-5
1.40050006 2.13256953E-5
1.40349996 2.13672665E-5
1.40649998 2.14535157E-5
1.4095 2.15214623E-5
1.41250002 2.15664768E-5
1.41550004 2.16757344E-5
1.41849995 2.17181787E-5
1.42149997 2.17921079E-5
1.42449999 2.18732421E-5
1.42750001 2.19145477E-5
1.43050003 2.20203456E-5
1.43350005 2.20693764E-5
1.43649995 2.21360715E-5
1.43949997 2.2225071E-5
1.4425 2.22650378E-5
1.44550002 2.2368089E-5
1.44850004 2.24204778E-5
1.45149994 2.24856558E-5
1.45449996 2.25763524E-5
1.45749998 2.26144311E-5
1.4605 2.27203909E-5
1.46350002 2.27700657E-5
1.46650004 2.28395911E-5
1.46950006 2.29264297E-5
1.47249997 2.29634716E-5
1.47549999 2.30787391E-5
1.47850001 2.31194736E-5
1.48150003 2.31999202E-5
1.48449993 2.32761486E-5
1.48749995 2.33217561E-5
1.49049997 2.34328654E-5
1.49349999 2.34680738E-5
1.49650002 2.35660154E-5
1.49950004 2.3624847E-5
1.50250006 2.36896885E-5
1.50549996 2.3782166E-5
1.50849998 2.38155226E-5
1.5115 2.39380515E-5
1.51450002 2.39723886E-5
1.51750004 2.40638547E-5
1.52049994 2.41297112E-5
1.52349997 2.41901471E-5
1.52649999 2.42874612E-5
1.52950001 2.43184913E-5
1.53250003 2.44439943E-5
1.53550005 2.44758066E-5
1.53849995 2.45726478E-5
1.54149997 2.46335112E-5
1.54449999 2.47018706E-5
1.54725003 2.47836633E-5
1.54924989 2.48315755E-5
1.55049992 2.48315773E-5
1.55150008 2.48326396E-5
1.55250001 2.49256718E-5
1.55349994 2.49612967E-5
1.55449998 2.49619916E-5
1.55550003 2.49619934E-5
1.55649996 2.49619934E-5
1.5575 2.50096437E-5
1.55850005 2.5091842E-5
1.55949998 2.50931098E-5
1.56049991 2.50931098E-5
1.56150007 2.50931098E-5
1.5625 2.50942085E-5
1.56349993 2.52161935E-5
1.56450009 2.5222369E-5
1.56550002 2.52227146E-5
1.56649995 2.52227146E-5
1.5675 2.52230766E-5
1.56850004 2.52766094E-5
1.56949997 2.53168255E-5
1.57050002 2.53178041E-5
1.57150006 2.53178041E-5
1.57249999 2.53178041E-5
1.57349992 2.53370508E-5
1.57450008 2.54501228E-5
1.57550001 2.54515526E-5
1.57649994 2.54516581E-5
1.57749999 2.54516581E-5
1.57850003 2.54526767E-5
1.57949996 2.55437953E-5
1.58050001 2.55854557E-5
1.58150005 2.55862542E-5
1.58249998 2.55862542E-5
1.58349991 2.55862542E-5
1.58450007 2.56178173E-5
1.5855 2.57200481E-5
1.58649993 2.57215725E-5
1.5875001 2.57215725E-5
1.58850002 2.57215725E-5
1.58949995 2.57228767E-5
1.5905 2.58215314E-5
1.59150004 2.58569053E-5
1.59249997 2.58576383E-5
1.59350002 2.58576383E-5
1.59450006 2.58576383E-5
1.59549999 2.58915425E-5
1.59649992 2.59929238E-5
1.59750009 2.59944463E-5
1.59850001 2.59944463E-5
1.60124993 2.60621691E-5
1.60925007 2.62619506E-5
1.62249994 2.65897052E-5
1.63750005 2.69707398E-5
1.65249991 2.73556961E-5
1.66750002 2.77440668E-5
1.6825 2.81467783E-5
1.69749999 2.8528073E-5
1.7107501 2.88734627E-5
1.71875 2.90866446E-5
1.72149992 2.91302531E-5
1.72250009 2.9247185E-5
1.72350001 2.92483546E-5
1.72449994 2.92484237E-5
1.72549999 2.92484237E-5
1.72650003 2.92484237E-5
1.72749996 2.92990353E-5
1.72850001 2.9409719E-5
1.72950006 2.94109359E-5
1.73049998 2.94109595E-5
1.73149991 2.94109595E-5
1.73250008 2.94109595E-5
1.7335 2.94654874E-5
1.73449993 2.95731788E-5
1.73549998 2.9574423E-5
1.73650002 2.9574423E-5
1.73749995 2.9574423E-5
1.7385 2.9574423E-5
1.73950005 2.96295511E-5
1.74049997 2.97375773E-5
1.74150002 2.97388215E-5
1.74250007 2.97388251E-5
1.74349999 2.97388251E-5
1.74449992 2.97388251E-5
1.74550009 2.97912084E-5
1.74650002 2.99029471E-5
1.74749994 2.9904164E-5
1.74849999 2.99041967E-5
1.74950004 2.99041967E-5
1.75049996 2.99041967E-5
1.75150001 2.99504463E-5
1.75250006 3.00698794E-5
1.75349998 3.00710435E-5
1.75449991 3.00711326E-5
1.75550008 3.00711326E-5
1.75650001 3.00711326E-5
1.75749993 3.01075652E-5
1.75849998 3.02379394E-5
1.75950003 3.02390254E-5
1.76049995 3.02391963E-5
1.7615 3.02391963E-5
1.76250005 3.02391963E-5
1.76349998 3.02621211E-5
1.76450002 3.04069599E-5
1.76550007 3.04079385E-5
1.7665 3.04082187E-5
1.76749992 3.04082187E-5
1.76850009 3.04082187E-5
1.76950002 3.04139194E-5
1.77049994 3.05769536E-5
1.77149999 3.05778012E-5
1.77250004 3.0578216E-5
1.77349997 3.0578216E-5
1.77450001 3.0578216E-5
1.77550006 3.05810499E-5
1.77649999 3.07298396E-5
1.77749991 3.0748608E-5
1.77850008 3.07491864E-5
1.77950001 3.074919E-5
1.78049994 3.07491864E-5
1.78149998 3.07511837E-5
1.78250003 3.0877778E-5
1.78349996 3.09203824E-5
1.7845 3.09211537E-5
1.78550005 3.09211573E-5
1.78649998 3.09211537E-5
1.7874999 3.09221759E-5
1.78850007 3.1022897E-5
1.7895 3.109311E-5
1.79049993 3.10941032E-5
1.79150009 3.10941032E-5
1.79250002 3.10941032E-5
1.79349995 3.10941032E-5
1.79449999 3.11514341E-5
1.79550004 3.12529992E-5
1.79649997 3.12542361E-5
1.79750001 3.12542397E-5
1.79850006 3.12542361E-5
1.79949999 3.12542397E-5
1.80049992 3.12310112E-5
1.80150008 3.11781223E-5
1.80250001 3.11791628E-5
1.80349994 3.11793992E-5
1.80449998 3.11793992E-5
1.80550003 3.11793992E-5
1.80649996 3.11707663E-5
1.8075 3.09814059E-5
1.80850005 3.09726856E-5
1.80949998 3.09732241E-5
1.81049991 3.09732241E-5
1.81150007 3.09732241E-5
1.8125 3.09685456E-5
1.81349993 3.08245762E-5
1.81450009 3.07675909E-5
1.81550002 3.07684604E-5
1.81649995 3.07684604E-5
1.8175 3.07684604E-5
1.81850004 3.07680166E-5
1.81949997 3.06725997E-5
1.82050002 3.05638641E-5
1.82150006 3.05650938E-5
1.82249999 3.05650938E-5
1.82349992 3.05650938E-5
1.82450008 3.05650938E-5
1.82550001 3.05294961E-5
1.82649994 3.03618272E-5
1.82749999 3.03627839E-5
1.82850003 3.03631168E-5
1.82949996 3.03631168E-5
1.83050001 3.0363115E-5
1.83150005 3.03567103E-5
1.83249998 3.01962955E-5
1.83349991 3.01617729E-5
1.83450007 3.01625205E-5
1.8355 3.01625205E-5
1.83649993 3.01625205E-5
1.8375001 3.0159581E-5
1.83850002 3.00394786E-5
1.83949995 2.99418916E-5
1.8405 2.99430885E-5
1.84150004 2.99430867E-5
1.84249997 2.99430867E-5
1.84350002 2.99430885E-5
1.84450006 2.98883442E-5
1.84549999 2.94298134E-5
1.84649992 2.94307356E-5
1.84750009 2.94311103E-5
1.84850001 2.94311121E-5
1.84949994 2.94311103E-5
1.85049999 2.94326346E-5
1.85150003 2.95362061E-5
1.85249996 2.95740483E-5
1.85350001 2.95749469E-5
1.85450006 2.95749487E-5
1.85549998 2.95749469E-5
1.85649991 2.95749487E-5
1.85750008 2.96240905E-5
1.8585 2.97181778E-5
1.85949993 2.97195857E-5
1.86049998 2.97197184E-5
1.86150002 2.97197184E-5
1.86249995 2.97197184E-5
1.8635 2.97220104E-5
1.86450005 2.98492341E-5
1.86549997 2.98644118E-5
1.86650002 2.98652139E-5
1.86750007 2.98652139E-5
1.86849999 2.98652139E-5
1.86949992 2.98655159E-5
1.87050009 2.99323692E-5
1.87150002 3.00099309E-5
1.87249994 3.00114407E-5
1.87349999 3.00114389E-5
1.87450004 3.00114407E-5
1.87549996 3.00114407E-5
1.87650001 3.00141128E-5
1.87750006 3.01533619E-5
1.87849998 3.01577111E-5
1.87949991 3.01584096E-5
1.88050008 3.01584096E-5
1.88150001 3.01584096E-5
1.88249993 3.01588861E-5
1.88349998 3.02310582E-5
1.88450003 3.03046472E-5
1.88549995 3.03061261E-5
1.8865 3.03061261E-5
1.88750005 3.03061261E-5
1.88849998 3.03061261E-5
1.88950002 3.030878E-5
1.89050007 3.04479581E-5
1.8915 3.04538444E-5
1.89249992 3.04545792E-5
1.89350009 3.04545792E-5
1.89450002 3.04545792E-5
1.89549994 3.04548248E-5
1.89649999 3.05199283E-5
1.89750004 3.06022157E-5
1.89849997 3.06037582E-5
1.89950001 3.06037837E-5
1.90050006 3.06037837E-5
1.90149999 3.06037837E-5
1.90249991 3.06060101E-5
1.90350008 3.07325026E-5
1.90625 3.07535447E-5
1.9142499 3.09369134E-5
1.92750001 3.12331867E-5
1.9425 3.15772777E-5
1.95749998 3.19323335E-5
1.97250009 3.22764208E-5
1.98749995 3.26221962E-5
2.00250006 3.2979111E-5
2.01749992 3.33645767E-5
2.03250003 3.37635938E-5
2.04750013 3.41573505E-5
2.0625 3.45509507E-5
2.07749987 3.49466027E-5
2.09249997 3.53443538E-5
2.10750008 3.57441495E-5
2.12249994 3.61459461E-5
2.13750005 3.65496817E-5
2.15250015 3.69553054E-5
2.16750002 3.73627627E-5
2.18074989 3.77189281E-5
2.18875003 3.79444173E-5
2.19149995 3.79449157E-5
2.19250011 3.80197416E-5
2.19350004 3.81502614E-5
2.19449997 3.81509017E-5
2.1954999 3.81511963E-5
2.19650006 3.81511963E-5
2.19749999 3.81511963E-5
2.19849992 3.81511963E-5
2.19950008 3.8154194E-5
2.20050001 3.83108963E-5
2.20149994 3.83594524E-5
2.20249987 3.83603074E-5
2.20350003 3.83603037E-5
2.20449996 3.83603037E-5
2.20550013 3.83603074E-5
2.20650005 3.83603037E-5
2.20749998 3.83958868E-5
2.20849991 3.85706735E-5
2.20950007 3.85711173E-5
2.2105 3.85716157E-5
2.21149993 3.85716157E-5
2.2125001 3.85716121E-5
2.21350002 3.85716157E-5
2.21449995 3.85731146E-5
2.21549988 3.86823012E-5
2.21650004 3.87831824E-5
2.21749997 3.87839573E-5
2.21850014 3.8784121E-5
2.21950006 3.8784121E-5
2.22049999 3.8784121E-5
2.22149992 3.8784121E-5
2.22249985 3.87876971E-5
2.22350001 3.89646266E-5
2.22449994 3.89970446E-5
2.22550011 3.89978377E-5
2.22650003 3.89978377E-5
2.22749996 3.89978377E-5
2.22849989 3.89978377E-5
2.22950006 3.89978377E-5
2.23049998 3.90349051E-5
2.23150015 3.92118272E-5
2.23250008 3.92122602E-5
2.2335 3.92127695E-5
2.23449993 3.92127695E-5
2.23549986 3.92127695E-5
2.23650002 3.92127695E-5
2.23749995 3.92138609E-5
2.23850012 3.93095361E-5
2.23950005 3.94279741E-5
2.24049997 3.94286653E-5
2.2414999 3.94289164E-5
2.24250007 3.94289164E-5
2.24349999 3.94289164E-5
2.24449992 3.94289164E-5
2.24550009 3.94316085E-5
2.24650002 3.95798234E-5
2.24749994 3.96453324E-5
2.24849987 3.96462638E-5
2.24950004 3.96462783E-5
2.25049996 3.96462783E-5
2.25150013 3.96462819E-5
2.25250006 3.96462783E-5
2.25349998 3.96504074E-5
2.25449991 3.98462944E-5
2.25550008 3.98641278E-5
2.25650001 3.98648808E-5
2.25749993 3.98648808E-5
2.2585001 3.98648808E-5
2.25950003 3.98648808E-5
2.26049995 3.98648808E-5
2.26149988 3.9895338E-5
2.26250005 4.00837962E-5
2.26349998 4.00841745E-5
2.26450014 4.00847421E-5
2.26550007 4.00847421E-5
2.2665 4.00847421E-5
2.26749992 4.00847421E-5
2.26849985 4.00850222E-5
2.26950002 4.01534635E-5
2.27049994 4.03048798E-5
2.27150011 4.03054219E-5
2.27250004 4.0305833E-5
2.27349997 4.0305833E-5
2.27449989 4.0305833E-5
2.27550006 4.0305833E-5
2.27649999 4.03070517E-5
2.27750015 4.0406554E-5
2.27850008 4.05272222E-5
2.27950001 4.05278952E-5
2.28049994 4.05281717E-5
2.28149986 4.05281753E-5
2.28250003 4.05281717E-5
2.28349996 4.05281717E-5
2.28450012 4.05301689E-5
2.28550005 4.06554427E-5
2.28649998 4.07508378E-5
2.2874999 4.07516236E-5
2.28850007 4.07517909E-5
2.2895 4.07517909E-5
2.29049993 4.07517909E-5
2.29150009 4.07517909E-5
2.29250002 4.07543921E-5
2.29349995 4.08999585E-5
2.29449987 4.09757158E-5
2.29550004 4.09734712E-5
2.29649997 4.09732529E-5
2.29750013 4.09732493E-5
2.29850006 4.09732529E-5
2.29949999 4.09732529E-5
2.30049992 4.0976287E-5
2.30150008 4.11366127E-5
2.30250001 4.1198462E-5
2.30349994 4.11985129E-5
2.3045001 4.11985129E-5
2.30550003 4.11985129E-5
2.30649996 4.11985129E-5
2.30749989 4.11985129E-5
2.30850005 4.12018162E-5
2.30949998 4.13710877E-5
2.31050014 4.14249953E-5
2.31150007 4.14250462E-5
2.3125 4.14250462E-5
2.31349993 4.14250462E-5
2.31449986 4.14250462E-5
2.31550002 4.14250462E-5
2.31649995 4.14284368E-5
2.31750011 4.16008879E-5
2.31850004 4.1652831E-5
2.31949997 4.16528819E-5
2.3204999 4.16528819E-5
2.32150006 4.16528819E-5
2.32249999 4.16528819E-5
2.32349992 4.16528819E-5
2.32450008 4.16561888E-5
2.32550001 4.18258714E-5
2.32649994 4.18819473E-5
2.32749987 4.18819982E-5
2.32850003 4.18820018E-5
2.32949996 4.18820018E-5
2.33050013 4.18819982E-5
2.33150005 4.18820018E-5
2.33249998 4.18850468E-5
2.33349991 4.20458418E-5
2.33450007 4.21123732E-5
2.3355 4.21124205E-5
2.33649993 4.21124241E-5
2.3375001 4.21124241E-5
2.33850002 4.21124241E-5
2.33949995 4.21124241E-5
2.34049988 4.21144323E-5
2.34150004 4.22593803E-5
2.34249997 4.23426427E-5
2.34350014 4.23426864E-5
2.34450006 4.23426936E-5
2.34549999 4.23426936E-5
2.34649992 4.23426936E-5
2.34749985 4.23426936E-5
2.34850001 4.23436359E-5
2.34949994 4.24498357E-5
2.35050011 4.25423132E-5
2.35150003 4.25423532E-5
2.35249996 4.25423641E-5
2.35349989 4.25423641E-5
2.35450006 4.25423641E-5
2.35549998 4.25423641E-5
2.35650015 4.25429243E-5
2.35750008 4.26089027E-5
2.3585 4.27038176E-5
2.35949993 4.27038467E-5
2.36049986 4.27038685E-5
2.36150002 4.27038685E-5
2.36249995 4.27038685E-5
2.36350012 4.27038685E-5
2.36450005 4.27039558E-5
2.36549997 4.27456725E-5
2.3664999 4.2865966E-5
2.36750007 4.28659841E-5
2.36849999 4.28660132E-5
2.36949992 4.28660132E-5
2.37050009 4.28660169E-5
2.37150002 4.28660132E-5
2.37249994 4.28660132E-5
2.37349987 4.2877964E-5
2.37450004 4.30287619E-5
2.37549996 4.30287764E-5
2.37650013 4.30288128E-5
2.37750006 4.30288128E-5
2.37849998 4.30288128E-5
2.37949991 4.30288128E-5
2.38050008 4.30288128E-5
2.38150001 4.30307591E-5
2.38249993 4.31673507E-5
2.3835001 4.31922017E-5
2.38450003 4.3192249E-5
2.38549995 4.3192249E-5
2.38649988 4.3192249E-5
2.38750005 4.3192249E-5
2.38849998 4.3192249E-5
2.38950014 4.31934641E-5
2.39050007 4.32924571E-5
2.3915 4.33562855E-5
2.39249992 4.33563255E-5
2.39349985 4.33563364E-5
2.39450002 4.33563364E-5
2.39549994 4.33563364E-5
2.39650011 4.33563364E-5
2.39750004 4.33567329E-5
2.39849997 4.34132016E-5
2.40124989 4.35210713E-5
2.40925002 4.3637152E-5
2.42250013 4.39226678E-5
2.4375 4.42212731E-5
2.45249987 4.45191799E-5
2.46749997 4.47958555E-5
2.48250008 4.47882267E-5
2.49749994 4.49510517E-5
2.51250005 4.51093838E-5
2.52750015 4.52670502E-5
2.54250002 4.54392139E-5
2.55749989 4.55958689E-5
2.57249999 4.57514107E-5
2.5875001 4.59190705E-5
2.60249996 4.61331183E-5
2.61749983 4.64603472E-5
2.63250017 4.68297731E-5
2.64750004 4.71827661E-5
2.6624999 4.75208726E-5
2.67750001 4.7904301E-5
2.69250011 4.82458236E-5
2.70749998 4.86004064E-5
2.72249985 4.89736194E-5
2.73749995 4.93092048E-5
2.75250006 4.96963694E-5
2.76749992 5.00380338E-5
2.78250003 5.04066993E-5
2.79750013 5.0749044E-5
2.8125 5.09405254E-5
2.82749987 5.10843856E-5
2.84249997 5.12141414E-5
2.85750008 5.13611849E-5
2.87249994 5.14876301E-5
2.88750005 5.16358014E-5
2.90250015 5.17606713E-5
2.91750002 5.19084206E-5
2.93249989 5.20332324E-5
2.94749999 5.2178948E-5
2.9625001 5.23052913E-5
2.97749996 5.24440693E-5
2.99249983 5.25723226E-5
3.00750017 5.2705218E-5
3.02250004 5.28383207E-5
3.0374999 5.29624449E-5
3.05250001 5.3102769E-5
3.06750011 5.32217928E-5
3.08249998 5.33617931E-5
3.09749985 5.34857863E-5
3.11249995 5.36129664E-5
3.12750006 5.37490014E-5
3.14249992 5.38678178E-5
3.15750003 5.40043402E-5
3.17250013 5.41281479E-5
3.1875 5.42437083E-5
3.20249987 5.43115348E-5
3.21749997 5.42922498E-5
3.23250008 5.43481146E-5
3.24749994 5.44107643E-5
3.26250005 5.44647337E-5
3.27750015 5.45202238E-5
3.29250002 5.45823677E-5
3.30749989 5.46361189E-5
3.32249999 5.46899246E-5
3.3375001 5.47522577E-5
3.35249996 5.48058197E-5
3.36749983 5.4858534E-5
3.38250017 5.49169563E-5
3.39750004 5.49643046E-5
3.4124999 5.49567994E-5
3.42750001 5.49253709E-5
3.44250011 5.48882563E-5
3.45749998 5.48561475E-5
3.47249985 5.48247735E-5
3.48749995 5.47941891E-5
3.50250006 5.47577183E-5
3.51749992 5.47267882E-5
3.53250003 5.46969604E-5
3.54750013 5.46681185E-5
3.5625 5.46370829E-5
3.57749987 5.46062547E-5
3.59249997 5.45779185E-5
3.60750008 5.45375624E-5
3.62249994 5.44869472E-5
3.63750005 5.44297618E-5
3.65250015 5.43772876E-5
3.66750002 5.43269343E-5
3.68249989 5.42766793E-5
3.69749999 5.42267007E-5
3.7125001 5.41758563E-5
3.72749996 5.41209993E-5
3.74249983 5.40722649E-5
3.75750017 5.40234396E-5
3.77250004 5.39758657E-5
3.7874999 5.39286302E-5
3.80250001 5.38692839E-5
3.81750011 5.37592168E-5
3.83249998 5.36512671E-5
3.84749985 5.35470899E-5
3.86249995 5.3443182E-5
3.87750006 5.33399107E-5
3.89249992 5.32374725E-5
3.90750003 5.31365185E-5
3.92250013 5.30371581E-5
3.9375 5.2933643E-5
3.95249987 5.28305172E-5
3.96749997 5.27330958E-5
3.98250008 5.26365111E-5
3.99749994 5.25402138E-5
4.01249981 5.24445277E-5
4.02750015 5.23475064E-5
4.04250002 5.22261471E-5
4.05749989 5.20666399E-5
4.07250023 5.18962443E-5
4.08749962 5.17270528E-5
4.10249996 5.15591528E-5
4.11750031 5.13927662E-5
4.13249969 5.12239894E-5
4.14750004 5.10553837E-5
4.16250038 5.0893017E-5
4.17749977 5.07322693E-5
4.19250011 5.05760108E-5
4.20749998 5.04319396E-5
4.22249985 5.03006449E-5
4.23750019 5.01701834E-5
4.25250006 5.00407295E-5
4.26749992 4.9912258E-5
4.28250027 4.97845904E-5
4.29749966 4.96578941E-5
4.3125 4.95321983E-5
4.32750034 4.94074629E-5
4.34249973 4.92837171E-5
4.35750008 4.91609353E-5
4.37249994 4.90391103E-5
4.38749981 4.89180202E-5
4.40250015 4.87969228E-5
4.41750002 4.86752651E-5
4.43249989 4.85543205E-5
4.44750023 4.84343327E-5
4.46249962 4.83153635E-5
4.47749996 4.81975148E-5
4.49250031 4.80805284E-5
4.50749969 4.79644405E-5
4.52250004 4.78492875E-5
4.53750038 4.77350513E-5
4.55249977 4.76212408E-5
4.56750011 4.75021807E-5
4.58249998 4.73903601E-5
4.59749985 4.72793545E-5
4.61250019 4.71666608E-5
4.62750006 4.7054582E-5
4.64249992 4.69448823E-5
4.65750027 4.68378239E-5
4.67249966 4.67320315E-5
4.6875 4.66271704E-5
4.70250034 4.65232224E-5
4.71749973 4.64201585E-5
4.73250008 4.63178367E-5
4.74749994 4.62136595E-5
4.76249981 4.61098389E-5
4.77750015 4.59981675E-5
4.79250002 4.58913855E-5
4.80749989 4.58035029E-5
4.82250023 4.57227907E-5
4.83749962 4.56434936E-5
4.85249996 4.55643349E-5
4.86750031 4.54858055E-5
4.88249969 4.54078945E-5
4.89750004 4.53312277E-5
4.91250038 4.52542045E-5
4.92749977 4.5167988E-5
4.94250011 4.50978405E-5
4.95749998 4.50268926E-5
4.97249985 4.49565705E-5
4.98750019 4.48887877E-5
5.00250006 4.48213759E-5
5.01749992 4.47524289E-5
5.03250027 4.46786362E-5
5.04749966 4.4595432E-5
5.0625 4.45273108E-5
5.07750034 4.44581856E-5
5.09249973 4.4385768E-5
5.10750008 4.42949131E-5
5.12249994 4.41776283E-5
5.13749981 4.40488802E-5
5.15250015 4.39143296E-5
5.16750002 4.37994713E-5
5.18249989 4.36851042E-5
5.19750023 4.35716502E-5
5.21249962 4.34593931E-5
5.22749996 4.33404784E-5
5.24250031 4.3203534E-5
5.25749969 4.30940854E-5
5.27250004 4.29844549E-5
5.28750038 4.28751555E-5
5.30249977 4.27600207E-5
5.31750011 4.26189436E-5
5.33249998 4.24857608E-5
5.34749985 4.23675483E-5
5.36250019 4.22504709E-5
5.37750006 4.21347358E-5
5.39249992 4.20127872E-5
5.40750027 4.18757991E-5
5.42249966 4.17682568E-5
5.4375 4.16607909E-5
5.45250034 4.1554882E-5
5.46749973 4.14385613E-5
5.48250008 4.13145062E-5
5.49749994 4.1221374E-5
5.51249981 4.11286819E-5
5.52750015 4.10398789E-5
5.54250002 4.09276545E-5
5.55749989 4.08223314E-5
5.57250023 4.07328262E-5
5.58749962 4.06434519E-5
5.60249996 4.05585088E-5
5.61750031 4.04312013E-5
5.63249969 4.03452796E-5
5.64750004 4.02552614E-5
5.66250038 4.01641119E-5
5.67749977 4.00444042E-5
5.69250011 3.99445053E-5
5.70749998 3.98492302E-5
5.72249985 3.97521908E-5
5.73750019 3.96302676E-5
5.75250006 3.95124262E-5
5.76749992 3.9417424E-5
5.78250027 3.93239898E-5
5.79749966 3.92088587E-5
5.8125 3.90868772E-5
5.82750034 3.89916931E-5
5.84249973 3.88982335E-5
5.85750008 3.8776423E-5
5.87249994 3.86604734E-5
5.88749981 3.85688145E-5
5.90250015 3.84800296E-5
5.91750002 3.83545885E-5
5.93249989 3.82552789E-5
5.94750023 3.81696264E-5
5.96249962 3.80865276E-5
5.97749996 3.79480334E-5
5.99250031 3.78659279E-5
6.00749969 3.77813049E-5
6.02250004 3.76692478E-5
6.03750038 3.75555137E-5
6.05249977 3.74779556E-5
6.06750011 3.74054434E-5
6.08249998 3.72863688E-5
6.09749985 3.72034265E-5
6.11250019 3.71262176E-5
6.12750006 3.70250345E-5
6.14249992 3.6910762E-5
6.15750027 3.68333458E-5
6.17249966 3.67597459E-5
6.1875 3.66254026E-5
6.20250034 3.6545458E-5
6.21749973 3.64680236E-5
6.23250008 3.6345089E-5
6.24749994 3.62528262E-5
6.26249981 3.61775092E-5
6.27750015 3.60653175E-5
6.29250002 3.5935529E-5
6.30749989 3.58503676E-5
6.32250023 3.57550962E-5
6.33749962 3.56175588E-5
6.35249996 3.55392076E-5
6.36750031 3.54497388E-5
6.38249969 3.52954885E-5
6.39750004 3.51943163E-5
6.41250038 3.50395167E-5
6.42749977 3.47937057E-5
6.44250011 3.4611141E-5
6.45749998 3.43528773E-5
6.47249985 3.3991837E-5
6.48750019 3.37992024E-5
6.50250006 3.36181292E-5
6.51749992 3.34904726E-5
6.53250027 3.34100696E-5
6.54749966 3.33353055E-5
6.5625 3.3203316E-5
6.57750034 3.31164556E-5
6.59249973 3.30395815E-5
6.60750008 3.28996939E-5
6.62249994 3.28233364E-5
6.63749981 3.27520793E-5
6.65250015 3.26133486E-5
6.66750002 3.25449146E-5
6.68249989 3.24689499E-5
6.69750023 3.23364839E-5
6.71249962 3.2269978E-5
6.72749996 3.21804764E-5
6.74250031 3.20378276E-5
6.75749969 3.19648389E-5
6.77250004 3.18562925E-5
6.78750038 3.17184677E-5
6.80249977 3.16421065E-5
6.81750011 3.15002908E-5
6.83249998 3.13805176E-5
6.84749985 3.13059354E-5
6.86250019 3.11376898E-5
6.87750006 3.10475771E-5
6.89249992 3.09509669E-5
6.90750027 3.07888658E-5
6.92249966 3.07049486E-5
6.9375 3.05719877E-5
6.95250034 3.03747274E-5
6.96749973 3.02434019E-5
6.98250008 2.99003059E-5
6.99749994 2.95317623E-5
7.01249981 2.92133973E-5
7.02750015 2.83019453E-5
7.04250002 2.78607185E-5
7.05749989 2.70836936E-5
7.07250023 2.63751663E-5
7.08749962 2.60044471E-5
7.10249996 2.51934543E-5
7.11750031 2.49343393E-5
7.13249969 2.45545398E-5
7.14750004 2.41868129E-5
7.16250038 2.40333229E-5
7.17749977 2.36612468E-5
7.19250011 2.3568E-5
7.20749998 2.34338713E-5
7.22249985 2.33641331E-5
7.23750019 2.33384399E-5
7.25250006 2.32593738E-5
7.26749992 2.32253533E-5
7.28250027 2.31766153E-5
7.29749966 2.31178783E-5
7.3125 2.30963597E-5
7.32750034 2.30258102E-5
7.34249973 2.30020851E-5
7.35750008 2.29511352E-5
7.37249994 2.29020752E-5
7.38749981 2.28753925E-5
7.40250015 2.27993223E-5
7.41750002 2.27768833E-5
7.43249989 2.27166456E-5
7.44750023 2.26750381E-5
7.46249962 2.26376324E-5
7.47749996 2.25758613E-5
7.49250031 2.25557815E-5
7.50749969 2.2494627E-5
7.52250004 2.24753858E-5
7.53750038 2.24409196E-5
7.55249977 2.24078194E-5
7.56750011 2.23882726E-5
7.58249998 2.23380903E-5
7.59749985 2.23212737E-5
7.61250019 2.22511571E-5
7.62750006 2.22139624E-5
7.64249992 2.21556256E-5
7.65750027 2.20951861E-5
7.67249966 2.2060538E-5
7.6875 2.19782396E-5
7.70250034 2.19593931E-5
7.71749973 2.18888581E-5
7.73250008 2.18669575E-5
7.74749994 2.18170808E-5
7.76249981 2.17762044E-5
7.77750015 2.17406905E-5
7.79250002 2.16835397E-5
7.80749989 2.1665277E-5
7.82250023 2.15908622E-5
7.83749962 2.15779201E-5
7.85249996 2.15122946E-5
7.86750031 2.14884276E-5
7.88249969 2.14395113E-5
7.89750004 2.13999319E-5
7.91250038 2.13644107E-5
7.92749977 2.13082276E-5
7.94250011 2.12860159E-5
7.95749998 2.12162358E-5
7.97249985 2.12065734E-5
7.98750019 2.11278821E-5
8.00250053 2.11150418E-5
8.01749992 2.10508351E-5
8.03249931 2.10244434E-5
8.04750061 2.09741993E-5
8.0625 2.09350692E-5
8.07749939 2.08971542E-5
8.09250069 2.08432793E-5
8.10750008 2.08157544E-5
8.12249947 2.07490302E-5
8.13750076 2.07322337E-5
8.15250015 2.06545719E-5
8.16749954 2.06473906E-5
8.18249989 2.05632259E-5
8.19750023 2.05544384E-5
8.21249962 2.04816897E-5
8.22749996 2.04627631E-5
8.24250031 2.04006956E-5
8.25749969 2.03721975E-5
8.27250004 2.03199506E-5
8.28750038 2.02801675E-5
8.30249977 2.00858285E-5
8.31750011 1.99767455E-5
8.33250046 1.9931038E-5
8.34749985 1.98751131E-5
8.36249924 1.98430807E-5
8.37750053 1.97880836E-5
8.39249992 1.97662139E-5
8.40749931 1.97157824E-5
8.42250061 1.97026056E-5
8.4375 1.96525962E-5
8.45249939 1.9645031E-5
8.46750069 1.95772245E-5
8.48250008 1.95712528E-5
8.49749947 1.95006705E-5
8.51250076 1.94988788E-5
8.52750015 1.94186396E-5
8.54249954 1.94207787E-5
8.55749989 1.93416163E-5
8.57250023 1.93450705E-5
8.58749962 1.92688985E-5
8.60249996 1.92707321E-5
8.61750031 1.91905856E-5
8.63249969 1.91910258E-5
8.64750004 1.91114214E-5
8.66250038 1.91112176E-5
8.67749977 1.90329138E-5
8.69250011 1.90329392E-5
8.70750046 1.89587809E-5
8.72249985 1.89596503E-5
8.73749924 1.88894755E-5
8.75250053 1.88914928E-5
8.76749992 1.88208451E-5
8.78249931 1.88247195E-5
8.79750061 1.87542064E-5
8.8125 1.87600926E-5
8.82749939 1.86920024E-5
8.84250069 1.86974612E-5
8.85750008 1.86329653E-5
8.87249947 1.86352627E-5
8.88750076 1.85749741E-5
8.90250015 1.85734989E-5
8.91749954 1.85180033E-5
8.93249989 1.8512168E-5
8.94750023 1.84620421E-5
8.96249962 1.84518831E-5
8.97749996 1.84057299E-5
8.99250031 1.83915836E-5
9.00749969 1.8348479E-5
9.02250004 1.83295833E-5
9.03750038 1.82911117E-5
9.05249977 1.82671756E-5
9.06750011 1.82343574E-5
9.08250046 1.82053063E-5
9.09749985 1.81786691E-5
9.11249924 1.81438063E-5
9.12750053 1.81243322E-5
9.14249992 1.80824009E-5
9.15749931 1.80709339E-5
9.17250061 1.80214683E-5
9.1875 1.80184434E-5
9.20249939 1.79610306E-5
9.21750069 1.7966453E-5
9.23250008 1.79014696E-5
9.24749947 1.79056424E-5
9.26250076 1.78520677E-5
9.27750015 1.78459504E-5
9.29249954 1.7802533E-5
9.30749989 1.77869661E-5
9.32250023 1.77524507E-5
9.33749962 1.77285146E-5
9.35249996 1.77033562E-5
9.36750031 1.76703943E-5
9.38249969 1.76557769E-5
9.39750004 1.7612072E-5
9.41250038 1.76090252E-5
9.42749977 1.75542264E-5
9.44250011 1.75588739E-5
9.45750046 1.75010609E-5
9.47249985 1.75004443E-5
9.48749924 1.74574452E-5
9.50250053 1.74445686E-5
9.51749992 1.74125416E-5
9.53249931 1.73891913E-5
9.54750061 1.73689532E-5
9.5625 1.73337376E-5
9.57749939 1.73266963E-5
9.59250069 1.72781929E-5
9.60750008 1.72829441E-5
9.62249947 1.72253585E-5
9.63750076 1.72266245E-5
9.65250015 1.71862885E-5
9.66749954 1.71732663E-5
9.68249989 1.71454558E-5
9.69750023 1.7120401E-5
9.71249962 1.71064785E-5
9.72749996 1.706687E-5
9.74250031 1.70684307E-5
9.75749969 1.70135518E-5
9.77250004 1.7016926E-5
9.78750038 1.69748473E-5
9.80249977 1.69652722E-5
9.81750011 1.69374325E-5
9.83250046 1.69143914E-5
9.84749985 1.69016821E-5
9.86249924 1.68626884E-5
9.87750053 1.68669048E-5
9.89249992 1.68111237E-5
9.90749931 1.68145361E-5
9.92250061 1.67782528E-5
9.9375 1.67651051E-5
9.95249939 1.67437101E-5
9.96750069 1.67154994E-5
9.98250008 1.67104572E-5
9.99749947 1.66624923E-5
10.0125008 1.66658974E-5
10.0275002 1.6617314E-5
10.0424995 1.66101745E-5
10.0574999 1.65808196E-5
10.0725002 1.65557522E-5
10.0874996 1.65460242E-5
10.1025 1.65000001E-5
10.1175003 1.65035799E-5
10.1324997 1.64530302E-5
10.1475 1.6448892E-5
10.1625004 1.64194407E-5
10.1774998 1.63960231E-5
10.1925001 1.63870809E-5
10.2075005 1.63429631E-5
10.2224998 1.63468412E-5
10.2374992 1.63011191E-5
10.2525005 1.62973447E-5
10.2674999 1.6271817E-5
10.2824993 1.62490924E-5
10.2975006 1.62454235E-5
10.3125 1.61980515E-5
10.3274994 1.62022952E-5
10.3425007 1.61648168E-5
10.3575001 1.61553962E-5
10.3724995 1.61380067E-5
10.3875008 1.61074295E-5
10.4025002 1.61118969E-5
10.4174995 1.60598102E-5
10.4324999 1.60635682E-5
10.4475002 1.60354339E-5
10.4624996 1.60182808E-5
10.4775 1.60127711E-5
10.4925003 1.59697865E-5
10.5074997 1.59738647E-5
10.5225 1.59385181E-5
10.5375004 1.59296414E-5
10.5524998 1.59158008E-5
10.5675001 1.58837065E-5
10.5825005 1.58877283E-5
10.5974998 1.58440926E-5
10.6124992 1.58431067E-5
10.6275005 1.58230359E-5
10.6424999 1.57994127E-5
10.6574993 1.58036164E-5
10.6725006 1.57535651E-5
10.6875 1.57586528E-5
10.7024994 1.57343638E-5
10.7175007 1.57168779E-5
10.7325001 1.571748E-5
10.7474995 1.56708502E-5
10.7625008 1.56762726E-5
10.7775002 1.56500464E-5
10.7924995 1.56357073E-5
10.8074999 1.5634314E-5
10.8225002 1.5590831E-5
10.8374996 1.55959515E-5
10.8525 1.55694452E-5
10.8675003 1.55564157E-5
10.8824997 1.55549878E-5
10.8975 1.55124908E-5
10.9125004 1.55176731E-5
10.9274998 1.54922691E-5
10.9425001 1.54791596E-5
10.9575005 1.54793779E-5
10.9724998 1.54356767E-5
10.9874992 1.5441301E-5
11.0025005 1.54182489E-5
11.0174999 1.54032023E-5
11.0324993 1.54068694E-5
11.0475006 1.53598285E-5
11.0625 1.53662022E-5
11.0774994 1.53476885E-5
11.0925007 1.53280052E-5
11.1075001 1.5331354E-5
11.1224995 1.52921129E-5
11.1375008 1.52945086E-5
11.1525002 1.52821303E-5
11.1674995 1.52591892E-5
11.1824999 1.52631437E-5
11.1975002 1.52335488E-5
11.2124996 1.52318908E-5
11.2275 1.52271014E-5
11.2425003 1.51951235E-5
11.2574997 1.52015509E-5
11.2725 1.51780969E-5
11.2875004 1.5171513E-5
11.3024998 1.51749273E-5
11.3175001 1.51333934E-5
11.3325005 1.51422919E-5
11.3474998 1.51286404E-5
11.3624992 1.51102004E-5
11.3775005 1.51137901E-5
11.3924999 1.50856995E-5
11.4074993 1.50852675E-5
11.4225006 1.50829155E-5
11.4375 1.5050131E-5
11.4524994 1.50577062E-5
11.4675007 1.50392789E-5
11.4825001 1.5029098E-5
11.4974995 1.50321548E-5
11.5125008 1.49999887E-5
11.5275002 1.5004015E-5
11.5424995 1.49990738E-5
11.5574999 1.49713478E-5
11.5725002 1.49781135E-5
11.5874996 1.49587577E-5
11.6025 1.49516691E-5
11.6175003 1.4954403E-5
11.6324997 1.49227508E-5
11.6475 1.49277448E-5
11.6625004 1.49238649E-5
11.6774998 1.48961444E-5
11.6925001 1.49034931E-5
11.7075005 1.48867666E-5
11.7224998 1.48777754E-5
11.7374992 1.48804675E-5
11.7525005 1.48536219E-5
11.7674999 1.48564341E-5
11.7824993 1.4857008E-5
11.7975006 1.48243726E-5
11.8125 1.48338277E-5
11.8274994 1.48230147E-5
11.8425007 1.48072704E-5
11.8575001 1.48117715E-5
11.8724995 1.47907485E-5
11.8875008 1.47900673E-5
11.9025002 1.47924638E-5
11.9174995 1.47616283E-5
11.9324999 1.47691098E-5
11.9475002 1.47671517E-5
11.9624996 1.47397595E-5
11.9775 1.47484488E-5
11.9925003 1.47365172E-5
12.0074997 1.47231112E-5
12.0225 1.47273677E-5
12.0375004 1.47059636E-5
12.0524998 1.47070468E-5
12.0675001 1.47087658E-5
12.0825005 1.46814218E-5
12.0974998 1.46934917E-5
12.1124992 1.46948796E-5
12.1275005 1.46657021E-5
12.1424999 1.46806424E-5
12.1574993 1.46739558E-5
12.1725006 1.46588691E-5
12.1875 1.46685115E-5
12.2024994 1.46542907E-5
12.2175007 1.46526318E-5
12.2325001 1.46571074E-5
12.2474995 1.46365946E-5
12.2625008 1.4646248E-5
12.2775002 1.46476978E-5
12.2924995 1.46230095E-5
12.3074999 1.46362872E-5
12.3225002 1.46400398E-5
12.3374996 1.46094635E-5
12.3525 1.46270459E-5
12.3675003 1.46256034E-5
12.3824997 1.46044767E-5
12.3975 1.46185239E-5
12.4125004 1.46117018E-5
12.4274998 1.46007033E-5
12.4425001 1.46107323E-5
12.4575005 1.4599007E-5
12.4724998 1.45974727E-5
12.4874992 1.46036718E-5
12.5025005 1.45875074E-5
12.5174999 1.45947779E-5
12.5324993 1.45973481E-5
12.5475006 1.45781996E-5
12.5625 1.45916038E-5
12.5774994 1.45924987E-5
12.5925007 1.45715167E-5
12.6075001 1.45867534E-5
12.6224995 1.45890226E-5
12.6375008 1.45651402E-5
12.6525002 1.45826389E-5
12.6674995 1.45861495E-5
12.6824999 1.45598242E-5
12.6975002 1.45792728E-5
12.7124996 1.4582256E-5
12.7275 1.4557173E-5
12.7425003 1.45766471E-5
12.7574997 1.45773938E-5
12.7725 1.45571121E-5
12.7875004 1.45747717E-5
12.8024998 1.45736685E-5
12.8175001 1.45575241E-5
12.8325005 1.45736512E-5
12.8474998 1.45710883E-5
12.8624992 1.45583963E-5
12.8775005 1.45732783E-5
12.8924999 1.45696295E-5
12.9074993 1.45597141E-5
12.9225006 1.45736649E-5
12.9375 1.45691056E-5
12.9524994 1.45611302E-5
12.9675007 1.45744725E-5
12.9825001 1.45686563E-5
12.9974995 1.45641088E-5
13.0125008 1.45788463E-5
13.0275002 1.45729E-5
13.0424995 1.45699787E-5
13.0574999 1.45854474E-5
13.0725002 1.4579814E-5
13.0874996 1.45769645E-5
13.1025 1.45929798E-5
13.1175003 1.45880031E-5
13.1324997 1.45844333E-5
13.1475 1.46014436E-5
13.1625004 1.45974627E-5
13.1774998 1.4592375E-5
13.1925001 1.46108459E-5
13.2075005 1.46081893E-5
13.2224998 1.46007751E-5
13.2374992 1.46212024E-5
13.2525005 1.46201874E-5
13.2674999 1.46096208E-5
13.2824993 1.46325083E-5
13.2975006 1.4633446E-5
13.3125 1.46188841E-5
13.3274994 1.46447692E-5
13.3425007 1.4647947E-5
13.3575001 1.46285747E-5
13.3724995 1.46580051E-5
13.3875008 1.46612292E-5
13.4025002 1.46411467E-5
13.4174995 1.4672215E-5
13.4324999 1.4674295E-5
13.4475002 1.46555712E-5
13.4624996 1.46874099E-5
13.4775 1.46882003E-5
13.4925003 1.46707616E-5
13.5074997 1.47035917E-5
13.5225 1.47037063E-5
13.5375004 1.46879838E-5
13.5524998 1.47187438E-5
13.5675001 1.47208875E-5
13.5825005 1.47091068E-5
13.5974998 1.47309001E-5
13.6124992 1.47390738E-5
13.6275005 1.47314831E-5
13.6424999 1.47433639E-5
13.6574993 1.47582714E-5
13.6725006 1.47550991E-5
13.6875 1.47561232E-5
13.7024994 1.47784913E-5
13.7175007 1.47799701E-5
13.7325001 1.47691599E-5
13.7474995 1.47997507E-5
13.7625008 1.4802873E-5
13.7775002 1.47856636E-5
13.7924995 1.48220461E-5
13.8074999 1.48228555E-5
13.8225002 1.48065701E-5
13.8374996 1.48453837E-5
13.8525 1.48454892E-5
13.8675003 1.48337176E-5
13.8824997 1.48623221E-5
13.8975 1.48698828E-5
13.9125004 1.48638992E-5
13.9274998 1.4874543E-5
13.9425001 1.48916361E-5
13.9575005 1.48903855E-5
13.9724998 1.4883155E-5
13.9874992 1.49104444E-5
14.0025005 1.49128846E-5
14.0174999 1.48930685E-5
14.0324993 1.49289799E-5
14.0475006 1.49291864E-5
14.0625 1.49102452E-5
14.0774994 1.49477855E-5
14.0925007 1.49484786E-5
14.1075001 1.49374791E-5
14.1224995 1.49556108E-5
14.1375008 1.49688176E-5
14.1525002 1.49657544E-5
14.1674995 1.49634798E-5
14.1824999 1.49901116E-5
14.1975002 1.49926627E-5
14.2124996 1.49738944E-5
14.2275 1.50123724E-5
14.2425003 1.50124652E-5
14.2574997 1.49957905E-5
14.2725 1.50323631E-5
14.2875004 1.50356827E-5
14.3024998 1.50277856E-5
14.3175001 1.50409178E-5
14.3325005 1.50598808E-5
14.3474998 1.50609403E-5
14.3624992 1.50494379E-5
14.3775005 1.50850674E-5
14.3924999 1.50859578E-5
14.4074993 1.50671576E-5
14.4225006 1.51112372E-5
14.4375 1.51113272E-5
14.4524994 1.51018376E-5
14.4675007 1.51221393E-5
14.4825001 1.51384884E-5
14.4974995 1.51386994E-5
14.5125008 1.51310851E-5
14.5275002 1.51666627E-5
14.5424995 1.51675722E-5
14.5574999 1.51490176E-5
14.5725002 1.51958438E-5
14.5874996 1.51959312E-5
14.6025 1.51878703E-5
14.6175003 1.52066077E-5
14.6324997 1.52261327E-5
14.6475 1.52284474E-5
14.6625004 1.52157745E-5
14.6774998 1.52573666E-5
14.6925001 1.52574521E-5
14.7075005 1.52427292E-5
14.7224998 1.5284355E-5
14.7374992 1.52897228E-5
14.7525005 1.52858738E-5
14.7674999 1.52937992E-5
14.7824993 1.53230339E-5
14.7975006 1.53249912E-5
14.8125 1.53081401E-5
14.8274994 1.53574019E-5
14.8425007 1.53574838E-5
14.8575001 1.53489746E-5
14.8724995 1.53737983E-5
14.8875008 1.53929141E-5
14.9025002 1.53958445E-5
14.9174995 1.53831043E-5
14.9324999 1.54294212E-5
14.9475002 1.54295012E-5
14.9624996 1.54146073E-5
14.9775 1.54521713E-5
14.9925003 1.54636109E-5
15.0074997 1.54615773E-5
15.0225 1.54567078E-5
15.0375004 1.54974769E-5
15.0524998 1.54975532E-5
15.0675001 1.54791451E-5
15.0825005 1.55260004E-5
15.0974998 1.55324469E-5
15.1124992 1.55285979E-5
15.1275005 1.55303642E-5
15.1424999 1.55684338E-5
15.1574993 1.55687212E-5
15.1725006 1.55490907E-5
15.1875 1.56011993E-5
15.2024994 1.56056049E-5
15.2175007 1.5601443E-5
15.2325001 1.5605352E-5
15.2474995 1.56438182E-5
15.2625008 1.56440619E-5
15.2775002 1.56251663E-5
15.2924995 1.5677655E-5
15.3074999 1.56832248E-5
15.3225002 1.56801852E-5
15.3374996 1.56814713E-5
15.3525 1.57236937E-5
15.3675003 1.57237664E-5
15.3824997 1.570727E-5
15.3975 1.57551694E-5
15.4125004 1.57653922E-5
15.4274998 1.57648428E-5
15.4425001 1.57585218E-5
15.4575005 1.58081639E-5
15.4724998 1.58082348E-5
15.4874992 1.57951308E-5
15.5025005 1.58335151E-5
15.5174999 1.58521743E-5
15.5324993 1.58538933E-5
15.5475006 1.58378025E-5
15.5625 1.58972925E-5
15.5774994 1.58973617E-5
15.5925007 1.58889252E-5
15.6075001 1.59124884E-5
15.6224995 1.59436659E-5
15.6375008 1.59443971E-5
15.6525002 1.59234878E-5
15.6674995 1.59897718E-5
15.6824999 1.59912415E-5
15.6975002 1.59887004E-5
15.7124996 1.59918382E-5
15.7275 1.60399559E-5
15.7425003 1.60400232E-5
15.7574997 1.60271575E-5
15.7725 1.60619802E-5
15.7875004 1.60789423E-5
15.8024998 1.60804375E-5
15.8175001 1.60609579E-5
15.8325005 1.61083353E-5
15.8474998 1.61084008E-5
15.8624992 1.61033895E-5
15.8775005 1.61076059E-5
15.8924999 1.61385542E-5
15.9074993 1.61386197E-5
15.9225006 1.61245771E-5
15.9375 1.61576991E-5
15.9524994 1.61695389E-5
15.9675007 1.61711741E-5
15.9825001 1.61523985E-5
15.9974995 1.62012202E-5
16.1743641 1.62920333E-5
16.5166798 1.65148303E-5
16.8662395 1.67640228E-5
17.2231979 1.6994718E-5
17.5877113 1.72246564E-5
17.959938 1.7354907E-5
18.3400421 1.74722027E-5
18.7281933 1.76069516E-5
19.1245575 1.77369766E-5
19.5293102 1.78232476E-5
19.9426289 1.77802704E-5
20.3646965 1.77325837E-5
20.7956963 1.76929225E-5
21.235817 1.7643888E-5
21.6852531 1.74772631E-5
22.1442013 1.72732471E-5
22.6128635 1.70752373E-5
23.0914421 1.68729603E-5
23.5801506 1.66604095E-5
24.0792027 1.6441667E-5
24.5888157 1.61325479E-5
25.1092148 1.5809208E-5
25.6406288 1.5493617E-5
26.1832886 1.51686627E-5
26.7374325 1.48330382E-5
27.3033047 1.44119995E-5
27.8811531 1.39605309E-5
28.4712315 1.35233377E-5
29.0737991 1.30921126E-5
29.6891193 1.26583709E-5
