0.502499998 0
0.505500019 0
0.50849998 0
0.511500001 0
0.514500022 0
0.517249942 0
0.519249976 0
0.520500004 0
0.521499991 0
0.522500038 0
0.523499966 0
0.524500012 0
0.5255 0
0.526499987 0
0.527500033 0
0.528499961 0
0.529500008 0
0.530499995 0
0.531499982 0
0.532500029 0
0.533499956 0
0.534500003 0
0.53550005 0
0.536499977 0
0.537500024 0
0.538499951 0
0.539499998 0
0.540500045 0
0.541499972 0
0.542500019 0
0.543500006 0
0.544499993 0
0.54550004 0
0.546499968 0
0.547500014 0
0.548500001 0
0.54974997 0
0.551749945 0
0.554499984 0
0.557500005 0
0.560500026 0
0.563499987 0
0.566500008 0
0.569499969 0
0.57249999 0
0.575500011 0
0.578500032 0
0.581499994 0
0.584500015 0
0.587499976 0
0.590499997 0
0.593500018 0
0.596500039 0
0.5995 0
0.602499962 0
0.605499983 0
0.608500004 0
0.611500025 0
0.614499986 0
0.617500007 0
0.620499969 0
0.62349999 0
0.62650001 0
0.629500031 0
0.632499993 0
0.635500014 0
0.638499975 0
0.641499996 0
0.644500017 0
0.647500038 0
0.6505 0
0.653499961 0
0.656499982 0
0.659500003 0
0.662500024 0
0.665499985 0
0.668500006 0
0.671499968 0
0.674499989 0
0.67750001 0
0.680500031 0
0.683499992 0
0.686500013 0
0.689499974 0
0.692499995 0
0.695500016 0
0.698500037 0
0.701499999 0
0.70449996 0
0.707499981 0
0.710500002 0
0.713500023 0
0.716499984 0
0.719500005 0
0.722499967 0
0.725499988 0
0.728500009 0
0.73150003 0
0.734499991 0
0.737500012 0
0.740499973 0
0.743499994 0
0.746500015 0
0.749500036 0
0.752499998 0
0.755500019 0
0.75849998 0
0.761500001 0
0.764500022 0
0.767499983 0
0.770500004 0
0.773499966 0
0.776499987 0
0.779500008 0
0.782500029 0
0.78549999 0
0.788500011 0
0.791499972 0
0.794499993 0
0.797500014 0
0.800500035 0
0.803499997 0
0.806500018 0
0.809499979 0
0.8125 0
0.815500021 0
0.818499982 0
0.821500003 0
0.824499965 0
0.827499986 0
0.830500007 0
0.833500028 0
0.836499989 0
0.83950001 0
0.842499971 0
0.845499992 0
0.848500013 0
0.851500034 0
0.854499996 0
0.857500017 0
0.860499978 0
0.863499999 0
0.86650002 0
0.869499981 0
0.872500002 0
0.875499964 0
0.878499985 0
0.881500006 0
0.884500027 0
0.887499988 0
0.890500009 0
0.89349997 0
0.896499991 0
0.899500012 0
0.902500033 0
0.905499995 0
0.908500016 0
0.911499977 0
0.914499998 0
0.917500019 0
0.92050004 0
0.923500001 0
0.926499963 0
0.929499984 0
0.932500005 0
0.935500026 0
0.938499987 0
0.941500008 0
0.944499969 0
0.94749999 0
0.950500011 0
0.953500032 0
0.956499994 0
0.959500015 0
0.962499976 0
0.965499997 0
0.968500018 0
0.971500039 0
0.9745 0
0.977499962 0
0.980499983 0
0.983500004 0
0.986500025 0
0.989499986 0
0.992500007 0
0.995499969 0
0.99849999 0
1.00150001 0
1.00450003 0
1.00749993 0
1.01049995 0
1.01349998 0
1.0165 0
1.01950002 0
1.02250004 0
1.02550006 0
1.02849996 0
1.03149998 0
1.0345 0
1.03750002 0
1.04050004 0
1.04349995 0
1.04649997 0
1.04949999 0
1.05250001 0
1.05550003 0
1.05850005 0
1.06149995 0
1.06449997 0
1.0675 0
1.07050002 0
1.07350004 0
1.07649994 0
1.07949996 0
1.08249998 0
1.0855 0
1.08850002 0
1.09150004 0
1.09450006 0
1.09749997 0
1.10049999 0
1.10350001 0
1.10650003 0
1.10949993 0
1.11249995 0
1.11549997 0
1.11849999 0
1.12150002 0
1.12450004 0
1.12750006 0
1.13049996 0
1.13349998 0
1.1365 0
1.13950002 0
1.14250004 0
1.14549994 0
1.14849997 0
1.15149999 0
1.15450001 0
1.15750003 0
1.16050005 0
1.16349995 0
1.16649997 0
1.16949999 0
1.17250001 0
1.17550004 0
1.17849994 0
1.18149996 0
1.18449998 0
1.1875 0
1.19050002 0
1.19350004 0
1.19650006 0
1.19949996 0
1.20249999 0
1.20550001 0
1.20850003 0
1.21150005 0
1.21449995 0
1.21749997 0
1.22049999 0
1.22350001 0
1.22650003 0
1.22950006 0
1.23249996 0
1.23549998 0
1.2385 0
1.24150002 0
1.24450004 0
1.24749994 0
1.25049996 0
1.25349998 0
1.25650001 0
1.25950003 0
1.26250005 0
1.26550007 0
1.26849997 0
1.27149999 0
1.27450001 0
1.27750003 0
1.28049994 0
1.28349996 0
1.28649998 0
1.2895 0
1.29250002 0
1.29550004 0
1.29850006 0
1.30149996 0
1.30449998 0
1.3075 0
1.31050003 0
1.31350005 0
1.31649995 0
1.31949997 0
1.32249999 0
1.32550001 0
1.32850003 0
1.33150005 0
1.33449996 0
1.33749998 0
1.3405 0
1.34350002 0
1.34650004 0
1.34949994 0
1.35249996 0
1.35549998 0
1.3585 0
1.36150002 0
1.36450005 0
1.36750007 0
1.37049997 0
1.37349999 0
1.37650001 0
1.37950003 0
1.38249993 0
1.38549995 0
1.38849998 0
1.3915 0
1.39450002 0
1.39750004 0
1.40050006 0
1.40349996 0
1.40649998 0
1.4095 0
1.41250002 0
1.41550004 0
1.41849995 0
1.42149997 0
1.42449999 0
1.42750001 0
1.43050003 0
1.43350005 0
1.43649995 0
1.43949997 0
1.4425 0
1.44550002 0
1.44850004 0
1.45149994 0
1.45449996 0
1.45749998 0
1.4605 0
1.46350002 0
1.46650004 0
1.46950006 0
1.47249997 0
1.47549999 0
1.47850001 0
1.48150003 0
1.48449993 0
1.48749995 0
1.49049997 0
1.49349999 0
1.49650002 0
1.49950004 0
1.50250006 0
1.50549996 0
1.50849998 0
1.5115 0
1.51450002 0
1.51750004 0
1.52049994 0
1.52349997 0
1.52649999 0
1.52950001 0
1.53250003 0
1.53550005 0
1.53849995 0
1.54149997 0
1.54449999 0
1.54725003 0
1.54924989 0
1.55049992 0
1.55150008 0
1.55250001 0
1.55349994 0
1.55449998 0
1.55550003 0
1.55649996 0
1.5575 0
1.55850005 0
1.55949998 0
1.56049991 0
1.56150007 0
1.5625 0
1.56349993 0
1.56450009 0
1.56550002 0
1.56649995 0
1.5675 0
1.56850004 0
1.56949997 0
1.57050002 0
1.57150006 0
1.57249999 0
1.57349992 0
1.57450008 0
1.57550001 0
1.57649994 0
1.57749999 0
1.57850003 0
1.57949996 0
1.58050001 0
1.58150005 0
1.58249998 0
1.58349991 0
1.58450007 0
1.5855 0
1.58649993 0
1.5875001 0
1.58850002 0
1.58949995 0
1.5905 0
1.59150004 0
1.59249997 0
1.59350002 0
1.59450006 0
1.59549999 0
1.59649992 0
1.59750009 0
1.59850001 0
1.60124993 0
1.60925007 0
1.62249994 0
1.63750005 0
1.65249991 0
1.66750002 0
1.6825 0
1.69749999 0
1.7107501 0
1.71875 0
1.72149992 0
1.72250009 0
1.72350001 0
1.72449994 0
1.72549999 0
1.72650003 0
1.72749996 0
1.72850001 0
1.72950006 0
1.73049998 0
1.73149991 0
1.73250008 0
1.7335 0
1.73449993 0
1.73549998 0
1.73650002 0
1.73749995 0
1.7385 0
1.73950005 0
1.74049997 0
1.74150002 0
1.74250007 0
1.74349999 0
1.74449992 0
1.74550009 0
1.74650002 0
1.74749994 0
1.74849999 0
1.74950004 0
1.75049996 0
1.75150001 0
1.75250006 0
1.75349998 0
1.75449991 0
1.75550008 0
1.75650001 0
1.75749993 0
1.75849998 0
1.75950003 0
1.76049995 0
1.7615 0
1.76250005 0
1.76349998 0
1.76450002 0
1.76550007 0
1.7665 0
1.76749992 0
1.76850009 0
1.76950002 0
1.77049994 0
1.77149999 0
1.77250004 0
1.77349997 0
1.77450001 0
1.77550006 0
1.77649999 0
1.77749991 0
1.77850008 0
1.77950001 0
1.78049994 0
1.78149998 0
1.78250003 0
1.78349996 0
1.7845 0
1.78550005 0
1.78649998 0
1.7874999 0
1.78850007 0
1.7895 0
1.79049993 0
1.79150009 0
1.79250002 0
1.79349995 0
1.79449999 0
1.79550004 0
1.79649997 0
1.79750001 0
1.79850006 0
1.79949999 0
1.80049992 0
1.80150008 0
1.80250001 0
1.80349994 0
1.80449998 0
1.80550003 0
1.80649996 0
1.8075 0
1.80850005 0
1.80949998 0
1.81049991 0
1.81150007 0
1.8125 0
1.81349993 0
1.81450009 0
1.81550002 0
1.81649995 0
1.8175 0
1.81850004 0
1.81949997 0
1.82050002 0
1.82150006 0
1.82249999 0
1.82349992 0
1.82450008 0
1.82550001 0
1.82649994 0
1.82749999 0
1.82850003 0
1.82949996 0
1.83050001 0
1.83150005 0
1.83249998 0
1.83349991 0
1.83450007 0
1.8355 0
1.83649993 0
1.8375001 0
1.83850002 0
1.83949995 0
1.8405 0
1.84150004 0
1.84249997 0
1.84350002 0
1.84450006 0
1.84549999 0
1.84649992 0
1.84750009 0
1.84850001 0
1.84949994 0
1.85049999 0
1.85150003 0
1.85249996 0
1.85350001 0
1.85450006 0
1.85549998 0
1.85649991 0
1.85750008 0
1.8585 0
1.85949993 0
1.86049998 0
1.86150002 0
1.86249995 0
1.8635 0
1.86450005 0
1.86549997 0
1.86650002 0
1.86750007 0
1.86849999 0
1.86949992 0
1.87050009 0
1.87150002 0
1.87249994 0
1.87349999 0
1.87450004 0
1.87549996 0
1.87650001 0
1.87750006 0
1.87849998 0
1.87949991 0
1.88050008 0
1.88150001 0
1.88249993 0
1.88349998 0
1.88450003 0
1.88549995 0
1.8865 0
1.88750005 0
1.88849998 0
1.88950002 0
1.89050007 0
1.8915 0
1.89249992 0
1.89350009 0
1.89450002 0
1.89549994 0
1.89649999 0
1.89750004 0
1.89849997 0
1.89950001 0
1.90050006 0
1.90149999 0
1.90249991 0
1.90350008 0
1.90625 0
1.9142499 0
1.92750001 0
1.9425 0
1.95749998 0
1.97250009 0
1.98749995 0
2.00250006 0
2.01749992 0
2.03250003 0
2.04750013 0
2.0625 0
2.07749987 0
2.09249997 0
2.10750008 0
2.12249994 0
2.13750005 0
2.15250015 0
2.16750002 0
2.18074989 0
2.18875003 0
2.19149995 0
2.19250011 0
2.19350004 0
2.19449997 0
2.1954999 0
2.19650006 0
2.19749999 0
2.19849992 0
2.19950008 0
2.20050001 0
2.20149994 0
2.20249987 0
2.20350003 0
2.20449996 0
2.20550013 0
2.20650005 0
2.20749998 0
2.20849991 0
2.20950007 0
2.2105 0
2.21149993 0
2.2125001 0
2.21350002 0
2.21449995 0
2.21549988 0
2.21650004 0
2.21749997 0
2.21850014 0
2.21950006 0
2.22049999 0
2.22149992 0
2.22249985 0
2.22350001 0
2.22449994 0
2.22550011 0
2.22650003 0
2.22749996 0
2.22849989 0
2.22950006 0
2.23049998 0
2.23150015 0
2.23250008 0
2.2335 0
2.23449993 0
2.23549986 0
2.23650002 0
2.23749995 0
2.23850012 0
2.23950005 0
2.24049997 0
2.2414999 0
2.24250007 0
2.24349999 0
2.24449992 0
2.24550009 0
2.24650002 0
2.24749994 0
2.24849987 0
2.24950004 0
2.25049996 0
2.25150013 0
2.25250006 0
2.25349998 0
2.25449991 0
2.25550008 0
2.25650001 0
2.25749993 0
2.2585001 0
2.25950003 0
2.26049995 0
2.26149988 0
2.26250005 0
2.26349998 0
2.26450014 0
2.26550007 0
2.2665 0
2.26749992 0
2.26849985 0
2.26950002 0
2.27049994 0
2.27150011 0
2.27250004 0
2.27349997 0
2.27449989 0
2.27550006 0
2.27649999 0
2.27750015 0
2.27850008 0
2.27950001 0
2.28049994 0
2.28149986 0
2.28250003 0
2.28349996 0
2.28450012 0
2.28550005 0
2.28649998 0
2.2874999 0
2.28850007 0
2.2895 0
2.29049993 0
2.29150009 0
2.29250002 0
2.29349995 0
2.29449987 0
2.29550004 0
2.29649997 0
2.29750013 0
2.29850006 0
2.29949999 0
2.30049992 0
2.30150008 0
2.30250001 0
2.30349994 0
2.3045001 0
2.30550003 0
2.30649996 0
2.30749989 0
2.30850005 0
2.30949998 0
2.31050014 0
2.31150007 0
2.3125 0
2.31349993 0
2.31449986 0
2.31550002 0
2.31649995 0
2.31750011 0
2.31850004 0
2.31949997 0
2.3204999 0
2.32150006 0
2.32249999 0
2.32349992 0
2.32450008 0
2.32550001 0
2.32649994 0
2.32749987 0
2.32850003 0
2.32949996 0
2.33050013 0
2.33150005 0
2.33249998 0
2.33349991 0
2.33450007 0
2.3355 0
2.33649993 0
2.3375001 0
2.33850002 0
2.33949995 0
2.34049988 0
2.34150004 0
2.34249997 0
2.34350014 0
2.34450006 0
2.34549999 0
2.34649992 0
2.34749985 0
2.34850001 0
2.34949994 0
2.35050011 0
2.35150003 0
2.35249996 0
2.35349989 0
2.35450006 0
2.35549998 0
2.35650015 0
2.35750008 0
2.3585 0
2.35949993 0
2.36049986 0
2.36150002 0
2.36249995 0
2.36350012 0
2.36450005 0
2.36549997 0
2.3664999 0
2.36750007 0
2.36849999 0
2.36949992 0
2.37050009 0
2.37150002 0
2.37249994 0
2.37349987 0
2.37450004 0
2.37549996 0
2.37650013 0
2.37750006 0
2.37849998 0
2.37949991 0
2.38050008 0
2.38150001 0
2.38249993 0
2.3835001 0
2.38450003 0
2.38549995 0
2.38649988 0
2.38750005 0
2.38849998 0
2.38950014 0
2.39050007 0
2.3915 0
2.39249992 0
2.39349985 0
2.39450002 0
2.39549994 0
2.39650011 0
2.39750004 0
2.39849997 0
2.40124989 0
2.40925002 0
2.42250013 0
2.4375 0
2.45249987 0
2.46749997 0
2.48250008 0
2.49749994 0
2.51250005 0
2.52750015 0
2.54250002 0
2.55749989 0
2.57249999 0
2.5875001 0
2.60249996 0
2.61749983 0
2.63250017 0
2.64750004 0
2.6624999 0
2.67750001 0
2.69250011 0
2.70749998 0
2.72249985 0
2.73749995 0
2.75250006 0
2.76749992 0
2.78250003 0
2.79750013 0
2.8125 0
2.82749987 0
2.84249997 0
2.85750008 0
2.87249994 0
2.88750005 0
2.90250015 0
2.91750002 0
2.93249989 0
2.94749999 0
2.9625001 0
2.97749996 0
2.99249983 0
3.00750017 0
3.02250004 0
3.0374999 0
3.05250001 0
3.06750011 0
3.08249998 0
3.09749985 0
3.11249995 0
3.12750006 0
3.14249992 0
3.15750003 0
3.17250013 0
3.1875 0
3.20249987 0
3.21749997 0
3.23250008 0
3.24749994 0
3.26250005 0
3.27750015 0
3.29250002 0
3.30749989 0
3.32249999 0
3.3375001 0
3.35249996 0
3.36749983 0
3.38250017 0
3.39750004 0
3.4124999 0
3.42750001 0
3.44250011 0
3.45749998 0
3.47249985 0
3.48749995 0
3.50250006 0
3.51749992 0
3.53250003 0
3.54750013 0
3.5625 0
3.57749987 0
3.59249997 0
3.60750008 0
3.62249994 0
3.63750005 0
3.65250015 0
3.66750002 0
3.68249989 0
3.69749999 0
3.7125001 0
3.72749996 0
3.74249983 0
3.75750017 0
3.77250004 0
3.7874999 0
3.80250001 0
3.81750011 0
3.83249998 0
3.84749985 0
3.86249995 0
3.87750006 3.38716291E-7
3.89249992 1.54617337E-5
3.90750003 1.84879255E-7
3.92250013 1.12661919E-5
3.9375 7.61605452E-6
3.95249987 5.14583688E-11
3.96749997 0
3.98250008 0
3.99749994 0
4.01249981 0
4.02750015 0
4.04250002 4.02494496E-11
4.05749989 2.66897029E-8
4.07250023 2.09877658E-6
4.08749962 2.15704222E-5
4.10249996 3.25099354E-5
4.11750031 7.40312908E-6
4.13249969 2.32288784E-7
4.14750004 8.97179164E-10
4.16250038 0
4.17749977 0
4.19250011 0
4.20749998 0
4.22249985 0
4.23750019 0
4.25250006 0
4.26749992 0
4.28250027 0
4.29749966 0
4.3125 0
4.32750034 0
4.34249973 0
4.35750008 0
4.37249994 0
4.38749981 0
4.40250015 0
4.41750002 0
4.43249989 0
4.44750023 0
4.46249962 0
4.47749996 0
4.49250031 0
4.50749969 0
4.52250004 0
4.53750038 0
4.55249977 0
4.56750011 0
4.58249998 0
4.59749985 0
4.61250019 0
4.62750006 0
4.64249992 0
4.65750027 0
4.67249966 0
4.6875 0
4.70250034 0
4.71749973 0
4.73250008 0
4.74749994 0
4.76249981 0
4.77750015 0
4.79250002 0
4.80749989 0
4.82250023 0
4.83749962 5.47065637E-9
4.85249996 3.97129133E-6
4.86750031 4.47150995E-7
4.88249969 5.40064717E-14
4.89750004 0
4.91250038 0
4.92749977 0
4.94250011 0
4.95749998 0
4.97249985 0
4.98750019 0
5.00250006 0
5.01749992 0
5.03250027 0
5.04749966 0
5.0625 0
5.07750034 0
5.09249973 0
5.10750008 0
5.12249994 0
5.13749981 0
5.15250015 0
5.16750002 0
5.18249989 0
5.19750023 0
5.21249962 0
5.22749996 0
5.24250031 0
5.25749969 0
5.27250004 0
5.28750038 0
5.30249977 0
5.31750011 0
5.33249998 0
5.34749985 0
5.36250019 0
5.37750006 0
5.39249992 0
5.40750027 0
5.42249966 0
5.4375 0
5.45250034 0
5.46749973 0
5.48250008 0
5.49749994 0
5.51249981 8.57985849E-10
5.52750015 1.45517562E-8
5.54250002 3.35916468E-8
5.55749989 4.77255213E-8
5.57250023 6.82140922E-8
5.58749962 9.34055961E-8
5.60249996 1.02228888E-7
5.61750031 1.22654924E-7
5.63249969 1.48892298E-7
5.64750004 1.9987111E-7
5.66250038 4.08561732E-7
5.67749977 6.12372219E-7
5.69250011 7.16884529E-7
5.70749998 7.61525371E-7
5.72249985 8.16428269E-7
5.73750019 9.50235687E-7
5.75250006 1.00927571E-6
5.76749992 1.20758307E-6
5.78250027 2.79706774E-6
5.79749966 8.39869426E-6
5.8125 7.73757074E-6
5.82750034 5.53425525E-6
5.84249973 4.59638886E-6
5.85750008 4.20807828E-6
5.87249994 3.91585127E-6
5.88749981 4.00938097E-6
5.90250015 4.58700197E-6
5.91750002 5.28356622E-6
5.93249989 2.01231829E-4
5.94750023 1.50568653E-7
5.96249962 2.09207528E-7
5.97749996 2.82056675E-7
5.99250031 3.71222484E-7
6.00749969 4.76641134E-7
6.02250004 6.04536638E-7
6.03750038 7.56236432E-7
6.05249977 9.50987783E-7
6.06750011 1.22586437E-6
6.08249998 1.71471584E-6
6.09749985 2.31818831E-6
6.11250019 2.92554864E-6
6.12750006 3.52442498E-6
6.14249992 4.15585009E-6
6.15750027 4.87367515E-6
6.17249966 5.70123257E-6
6.1875 6.66505684E-6
6.20250034 7.83433734E-6
6.21749973 1.21625089E-5
6.23250008 1.98182333E-5
6.24749994 2.51975725E-5
6.26249981 2.96125691E-5
6.27750015 3.12229786E-5
6.29250002 3.36729936E-5
6.30749989 3.6555055E-5
6.32250023 3.98072734E-5
6.33749962 4.34739522E-5
6.35249996 4.75926754E-5
6.36750031 2.17116089E-4
6.38249969 3.77966149E-4
6.39750004 2.26022047E-3
6.41250038 3.52787501E-5
6.42749977 3.85541425E-5
6.44250011 4.19579155E-5
6.45749998 4.55320114E-5
6.47249985 4.91506398E-5
6.48750019 5.282235E-5
6.50250006 5.64785987E-5
6.51749992 6.00390122E-5
6.53250027 8.74048492E-5
6.54749966 4.18114942E-4
6.5625 6.96636271E-5
6.57750034 7.15139977E-5
6.59249973 7.38868475E-5
6.60750008 7.59087197E-5
6.62249994 7.7545119E-5
6.63749981 7.87697427E-5
6.65250015 8.05053642E-5
6.66750002 8.56894942E-4
6.68249989 1.74686225E-4
6.69750023 7.93703948E-5
6.71249962 7.84090735E-5
6.72749996 7.70152037E-5
6.74250031 7.52172054E-5
6.75749969 7.30488027E-5
6.77250004 7.05471757E-5
6.78750038 6.77569042E-5
6.80249977 6.47158886E-5
6.81750011 6.14756136E-5
6.83249998 5.8103582E-5
6.84749985 5.57410058E-5
6.86250019 5.2369749E-5
6.87750006 4.95452332E-5
6.89249992 4.58856375E-5
6.90750027 4.22987068E-5
6.92249966 3.89010202E-5
6.9375 3.90316236E-5
6.95250034 3.96972813E-4
6.96749973 3.95428542E-5
6.98250008 2.68245531E-5
6.99749994 2.4304707E-5
7.01249981 2.20809507E-5
7.02750015 9.82919664E-5
7.04250002 1.52296334E-5
7.05749989 3.17072641E-4
7.07250023 1.05211302E-5
7.08749962 9.01630938E-6
7.10249996 7.68306109E-6
7.11750031 6.50998118E-6
7.13249969 5.48487151E-6
7.14750004 4.59506964E-6
7.16250038 3.82787493E-6
7.17749977 3.17077047E-6
7.19250011 2.611632E-6
7.20749998 2.13893668E-6
7.22249985 1.74190257E-6
7.23750019 1.41055921E-6
7.25250006 1.13578858E-6
7.26749992 9.0937624E-7
7.28250027 7.23988023E-7
7.29749966 5.73138152E-7
7.3125 4.51154989E-7
7.32750034 3.53128002E-7
7.34249973 2.74840289E-7
7.35750008 2.12700613E-7
7.37249994 1.63679957E-7
7.38749981 1.25245506E-7
7.40250015 9.52951495E-8
7.41750002 7.21892803E-8
7.43249989 4.49660001E-5
7.44750023 1.34507951E-4
7.46249962 7.718522E-8
7.47749996 2.23208065E-8
7.49250031 1.64156084E-8
7.50749969 1.20045636E-8
7.52250004 8.72918715E-9
7.53750038 6.31162278E-9
7.55249977 4.53785631E-9
7.56750011 3.24414762E-9
7.58249998 2.30615393E-9
7.59749985 1.63010583E-9
7.61250019 1.14573961E-9
7.62750006 8.00744304E-10
7.64249992 5.56469704E-10
7.65750027 3.84531518E-10
7.67249966 2.64218064E-10
7.6875 1.80522236E-10
7.70250034 1.22641827E-10
7.71749973 8.28494148E-11
7.73250008 5.56519553E-11
7.74749994 3.71713979E-11
7.76249981 2.46874968E-11
7.77750015 1.43745049E-9
7.79250002 1.3069337E-4
7.80749989 1.57895542E-4
7.82250023 4.14165102E-9
7.83749962 0
7.85249996 0
7.86750031 0
7.88249969 0
7.89750004 0
7.91250038 0
7.92749977 0
7.94250011 0
7.95749998 0
7.97249985 0
7.98750019 0
8.00250053 0
8.01749992 0
8.03249931 0
8.04750061 0
8.0625 0
8.07749939 0
8.09250069 0
8.10750008 0
8.12249947 0
8.13750076 0
8.15250015 0
8.16749954 0
8.18249989 0
8.19750023 0
8.21249962 1.1424313E-5
8.22749996 1.87185346E-4
8.24250031 6.41951885E-7
8.25749969 0
8.27250004 0
8.28750038 0
8.30249977 0
8.31750011 0
8.33250046 0
8.34749985 0
8.36249924 0
8.37750053 0
8.39249992 0
8.40749931 0
8.42250061 0
8.4375 0
8.45249939 0
8.46750069 0
8.48250008 0
8.49749947 0
8.51250076 0
8.52750015 0
8.54249954 0
8.55749989 0
8.57250023 0
8.58749962 0
8.60249996 0
8.61750031 0
8.63249969 0
8.64750004 0
8.66250038 0
8.67749977 0
8.69250011 0
8.70750046 0
8.72249985 0
8.73749924 0
8.75250053 0
8.76749992 0
8.78249931 0
8.79750061 0
8.8125 0
8.82749939 0
8.84250069 0
8.85750008 0
8.87249947 0
8.88750076 0
8.90250015 0
8.91749954 0
8.93249989 0
8.94750023 0
8.96249962 0
8.97749996 0
8.99250031 0
9.00749969 0
9.02250004 0
9.03750038 0
9.05249977 0
9.06750011 0
9.08250046 0
9.09749985 0
9.11249924 0
9.12750053 0
9.14249992 0
9.15749931 0
9.17250061 0
9.1875 0
9.20249939 0
9.21750069 0
9.23250008 0
9.24749947 0
9.26250076 0
9.27750015 0
9.29249954 0
9.30749989 0
9.32250023 0
9.33749962 0
9.35249996 0
9.36750031 0
9.38249969 0
9.39750004 0
9.41250038 0
9.42749977 0
9.44250011 0
9.45750046 0
9.47249985 0
9.48749924 0
9.50250053 0
9.51749992 0
9.53249931 0
9.54750061 0
9.5625 0
9.57749939 0
9.59250069 0
9.60750008 0
9.62249947 0
9.63750076 0
9.65250015 0
9.66749954 0
9.68249989 0
9.69750023 0
9.71249962 0
9.72749996 0
9.74250031 0
9.75749969 0
9.77250004 0
9.78750038 0
9.80249977 0
9.81750011 0
9.83250046 0
9.84749985 0
9.86249924 0
9.87750053 0
9.89249992 0
9.90749931 0
9.92250061 0
9.9375 0
9.95249939 0
9.96750069 0
9.98250008 0
9.99749947 0
10.0125008 0
10.0275002 0
10.0424995 0
10.0574999 0
10.0725002 0
10.0874996 0
10.1025 0
10.1175003 0
10.1324997 0
10.1475 0
10.1625004 0
10.1774998 0
10.1925001 0
10.2075005 0
10.2224998 0
10.2374992 0
10.2525005 0
10.2674999 0
10.2824993 0
10.2975006 0
10.3125 0
10.3274994 0
10.3425007 0
10.3575001 0
10.3724995 0
10.3875008 0
10.4025002 0
10.4174995 0
10.4324999 0
10.4475002 0
10.4624996 0
10.4775 0
10.4925003 0
10.5074997 0
10.5225 0
10.5375004 0
10.5524998 0
10.5675001 0
10.5825005 0
10.5974998 0
10.6124992 0
10.6275005 0
10.6424999 0
10.6574993 0
10.6725006 0
10.6875 0
10.7024994 0
10.7175007 0
10.7325001 0
10.7474995 0
10.7625008 0
10.7775002 0
10.7924995 0
10.8074999 0
10.8225002 0
10.8374996 0
10.8525 0
10.8675003 0
10.8824997 0
10.8975 0
10.9125004 0
10.9274998 0
10.9425001 0
10.9575005 0
10.9724998 0
10.9874992 0
11.0025005 0
11.0174999 0
11.0324993 0
11.0475006 0
11.0625 0
11.0774994 0
11.0925007 0
11.1075001 0
11.1224995 0
11.1375008 0
11.1525002 0
11.1674995 0
11.1824999 0
11.1975002 0
11.2124996 0
11.2275 0
11.2425003 0
11.2574997 0
11.2725 0
11.2875004 0
11.3024998 0
11.3175001 0
11.3325005 0
11.3474998 0
11.3624992 0
11.3775005 0
11.3924999 0
11.4074993 0
11.4225006 0
11.4375 0
11.4524994 0
11.4675007 0
11.4825001 0
11.4974995 0
11.5125008 0
11.5275002 0
11.5424995 0
11.5574999 0
11.5725002 0
11.5874996 0
11.6025 0
11.6175003 0
11.6324997 0
11.6475 0
11.6625004 0
11.6774998 0
11.6925001 0
11.7075005 0
11.7224998 0
11.7374992 0
11.7525005 0
11.7674999 0
11.7824993 0
11.7975006 0
11.8125 0
11.8274994 0
11.8425007 0
11.8575001 0
11.8724995 0
11.8875008 0
11.9025002 0
11.9174995 0
11.9324999 0
11.9475002 0
11.9624996 0
11.9775 0
11.9925003 0
12.0074997 0
12.0225 0
12.0375004 0
12.0524998 0
12.0675001 0
12.0825005 0
12.0974998 0
12.1124992 0
12.1275005 0
12.1424999 0
12.1574993 0
12.1725006 0
12.1875 0
12.2024994 0
12.2175007 0
12.2325001 0
12.2474995 0
12.2625008 0
12.2775002 0
12.2924995 0
12.3074999 0
12.3225002 0
12.3374996 0
12.3525 0
12.3675003 0
12.3824997 0
12.3975 0
12.4125004 0
12.4274998 0
12.4425001 0
12.4575005 0
12.4724998 0
12.4874992 0
12.5025005 0
12.5174999 0
12.5324993 0
12.5475006 0
12.5625 0
12.5774994 0
12.5925007 0
12.6075001 0
12.6224995 0
12.6375008 0
12.6525002 0
12.6674995 0
12.6824999 0
12.6975002 0
12.7124996 0
12.7275 0
12.7425003 0
12.7574997 0
12.7725 0
12.7875004 0
12.8024998 0
12.8175001 0
12.8325005 0
12.8474998 0
12.8624992 0
12.8775005 0
12.8924999 0
12.9074993 0
12.9225006 0
12.9375 0
12.9524994 0
12.9675007 0
12.9825001 0
12.9974995 0
13.0125008 0
13.0275002 0
13.0424995 0
13.0574999 0
13.0725002 0
13.0874996 0
13.1025 0
13.1175003 0
13.1324997 0
13.1475 0
13.1625004 0
13.1774998 0
13.1925001 0
13.2075005 0
13.2224998 0
13.2374992 0
13.2525005 0
13.2674999 0
13.2824993 0
13.2975006 0
13.3125 0
13.3274994 0
13.3425007 0
13.3575001 0
13.3724995 0
13.3875008 0
13.4025002 0
13.4174995 0
13.4324999 0
13.4475002 0
13.4624996 0
13.4775 0
13.4925003 0
13.5074997 0
13.5225 0
13.5375004 0
13.5524998 0
13.5675001 0
13.5825005 0
13.5974998 0
13.6124992 0
13.6275005 0
13.6424999 0
13.6574993 0
13.6725006 0
13.6875 0
13.7024994 0
13.7175007 0
13.7325001 0
13.7474995 0
13.7625008 0
13.7775002 0
13.7924995 0
13.8074999 0
13.8225002 0
13.8374996 0
13.8525 0
13.8675003 0
13.8824997 0
13.8975 0
13.9125004 0
13.9274998 0
13.9425001 0
13.9575005 0
13.9724998 0
13.9874992 0
14.0025005 0
14.0174999 0
14.0324993 0
14.0475006 0
14.0625 0
14.0774994 0
14.0925007 0
14.1075001 0
14.1224995 0
14.1375008 0
14.1525002 0
14.1674995 0
14.1824999 0
14.1975002 0
14.2124996 0
14.2275 0
14.2425003 0
14.2574997 0
14.2725 0
14.2875004 0
14.3024998 0
14.3175001 0
14.3325005 0
14.3474998 0
14.3624992 0
14.3775005 0
14.3924999 0
14.4074993 0
14.4225006 0
14.4375 0
14.4524994 0
14.4675007 0
14.4825001 0
14.4974995 0
14.5125008 0
14.5275002 0
14.5424995 0
14.5574999 0
14.5725002 0
14.5874996 0
14.6025 0
14.6175003 0
14.6324997 0
14.6475 0
14.6625004 0
14.6774998 0
14.6925001 0
14.7075005 0
14.7224998 0
14.7374992 0
14.7525005 0
14.7674999 0
14.7824993 0
14.7975006 0
14.8125 0
14.8274994 0
14.8425007 0
14.8575001 0
14.8724995 0
14.8875008 0
14.9025002 0
14.9174995 0
14.9324999 0
14.9475002 0
14.9624996 0
14.9775 0
14.9925003 0
15.0074997 0
15.0225 0
15.0375004 0
15.0524998 0
15.0675001 0
15.0825005 0
15.0974998 0
15.1124992 0
15.1275005 0
15.1424999 0
15.1574993 0
15.1725006 0
15.1875 0
15.2024994 0
15.2175007 0
15.2325001 0
15.2474995 0
15.2625008 0
15.2775002 0
15.2924995 0
15.3074999 0
15.3225002 0
15.3374996 0
15.3525 0
15.3675003 0
15.3824997 0
15.3975 0
15.4125004 0
15.4274998 0
15.4425001 0
15.4575005 0
15.4724998 0
15.4874992 0
15.5025005 0
15.5174999 0
15.5324993 0
15.5475006 0
15.5625 0
15.5774994 0
15.5925007 0
15.6075001 0
15.6224995 0
15.6375008 0
15.6525002 0
15.6674995 0
15.6824999 0
15.6975002 0
15.7124996 0
15.7275 0
15.7425003 0
15.7574997 0
15.7725 0
15.7875004 0
15.8024998 0
15.8175001 0
15.8325005 0
15.8474998 0
15.8624992 0
15.8775005 0
15.8924999 0
15.9074993 0
15.9225006 0
15.9375 0
15.9524994 0
15.9675007 0
15.9825001 0
15.9974995 0
