#ASTAR: Stopping Powers and Range Tables for Alpha Particles
#
#HYDROGEN
#
#Kinetic   Electron. Nuclear   Total     CSDA      Projected Detour
#Energy    Stp. Pow. Stp. Pow. Stp. Pow. Range     Range     Factor
#MeV       MeV cm2/g MeV cm2/g MeV cm2/g g/cm2     g/cm2
#
1.000E-03 2.120E+02 1.052E+03 1.264E+03 7.480E-07 6.860E-07 0.9171
1.500E-03 2.754E+02 9.262E+02 1.202E+03 1.154E-06 1.062E-06 0.9203
2.000E-03 3.317E+02 8.312E+02 1.163E+03 1.577E-06 1.456E-06 0.9233
2.500E-03 3.830E+02 7.568E+02 1.140E+03 2.012E-06 1.863E-06 0.9260
3.000E-03 4.309E+02 6.965E+02 1.127E+03 2.453E-06 2.278E-06 0.9285
4.000E-03 5.188E+02 6.044E+02 1.123E+03 3.344E-06 3.119E-06 0.9327
5.000E-03 5.992E+02 5.367E+02 1.136E+03 4.230E-06 3.960E-06 0.9363
6.000E-03 6.740E+02 4.843E+02 1.158E+03 5.102E-06 4.792E-06 0.9393
7.000E-03 7.445E+02 4.425E+02 1.187E+03 5.955E-06 5.610E-06 0.9420
8.000E-03 8.115E+02 4.082E+02 1.220E+03 6.786E-06 6.408E-06 0.9443
9.000E-03 8.756E+02 3.794E+02 1.255E+03 7.595E-06 7.188E-06 0.9464
1.000E-02 9.371E+02 3.549E+02 1.292E+03 8.380E-06 7.947E-06 0.9483
1.250E-02 1.082E+03 3.068E+02 1.389E+03 1.025E-05 9.757E-06 0.9523
1.500E-02 1.217E+03 2.713E+02 1.488E+03 1.198E-05 1.145E-05 0.9554
1.750E-02 1.344E+03 2.439E+02 1.588E+03 1.361E-05 1.304E-05 0.9581
2.000E-02 1.465E+03 2.220E+02 1.687E+03 1.514E-05 1.454E-05 0.9603
2.250E-02 1.580E+03 2.041E+02 1.784E+03 1.658E-05 1.595E-05 0.9622
2.500E-02 1.691E+03 1.891E+02 1.880E+03 1.794E-05 1.729E-05 0.9638
2.750E-02 1.798E+03 1.764E+02 1.974E+03 1.924E-05 1.857E-05 0.9653
3.000E-02 1.901E+03 1.654E+02 2.066E+03 2.048E-05 1.979E-05 0.9666
3.500E-02 2.098E+03 1.475E+02 2.246E+03 2.280E-05 2.209E-05 0.9688
4.000E-02 2.285E+03 1.333E+02 2.418E+03 2.494E-05 2.421E-05 0.9706
4.500E-02 2.463E+03 1.219E+02 2.585E+03 2.694E-05 2.619E-05 0.9721
5.000E-02 2.634E+03 1.124E+02 2.746E+03 2.882E-05 2.805E-05 0.9734
5.500E-02 2.798E+03 1.044E+02 2.902E+03 3.059E-05 2.981E-05 0.9745
6.000E-02 2.956E+03 9.752E+01 3.053E+03 3.227E-05 3.148E-05 0.9755
6.500E-02 3.108E+03 9.159E+01 3.200E+03 3.387E-05 3.307E-05 0.9764
7.000E-02 3.256E+03 8.639E+01 3.342E+03 3.540E-05 3.459E-05 0.9772
7.500E-02 3.399E+03 8.180E+01 3.481E+03 3.686E-05 3.605E-05 0.9779
8.000E-02 3.538E+03 7.771E+01 3.616E+03 3.827E-05 3.745E-05 0.9785
8.500E-02 3.674E+03 7.405E+01 3.748E+03 3.963E-05 3.880E-05 0.9791
9.000E-02 3.805E+03 7.074E+01 3.876E+03 4.094E-05 4.011E-05 0.9797
9.500E-02 3.933E+03 6.773E+01 4.001E+03 4.221E-05 4.137E-05 0.9802
1.000E-01 4.058E+03 6.500E+01 4.123E+03 4.344E-05 4.260E-05 0.9807
1.250E-01 4.637E+03 5.425E+01 4.691E+03 4.912E-05 4.826E-05 0.9826
1.500E-01 5.152E+03 4.674E+01 5.198E+03 5.417E-05 5.330E-05 0.9840
1.750E-01 5.610E+03 4.117E+01 5.652E+03 5.878E-05 5.790E-05 0.9851
2.000E-01 6.019E+03 3.686E+01 6.056E+03 6.305E-05 6.216E-05 0.9860
2.250E-01 6.383E+03 3.342E+01 6.416E+03 6.705E-05 6.617E-05 0.9868
2.500E-01 6.705E+03 3.061E+01 6.735E+03 7.086E-05 6.996E-05 0.9874
2.750E-01 6.988E+03 2.826E+01 7.016E+03 7.449E-05 7.359E-05 0.9880
3.000E-01 7.235E+03 2.626E+01 7.261E+03 7.799E-05 7.709E-05 0.9885
3.500E-01 7.632E+03 2.306E+01 7.655E+03 8.469E-05 8.378E-05 0.9893
4.000E-01 7.915E+03 2.059E+01 7.935E+03 9.110E-05 9.019E-05 0.9900
4.500E-01 8.100E+03 1.863E+01 8.118E+03 9.732E-05 9.641E-05 0.9906
5.000E-01 8.203E+03 1.703E+01 8.220E+03 1.034E-04 1.025E-04 0.9912
5.500E-01 8.240E+03 1.570E+01 8.255E+03 1.095E-04 1.086E-04 0.9916
6.000E-01 8.222E+03 1.457E+01 8.237E+03 1.156E-04 1.146E-04 0.9921
6.500E-01 8.161E+03 1.360E+01 8.175E+03 1.217E-04 1.207E-04 0.9924
7.000E-01 8.067E+03 1.276E+01 8.079E+03 1.278E-04 1.269E-04 0.9928
7.500E-01 7.947E+03 1.202E+01 7.959E+03 1.340E-04 1.331E-04 0.9931
8.000E-01 7.808E+03 1.137E+01 7.819E+03 1.404E-04 1.394E-04 0.9934
8.500E-01 7.655E+03 1.079E+01 7.666E+03 1.468E-04 1.459E-04 0.9937
9.000E-01 7.494E+03 1.027E+01 7.504E+03 1.534E-04 1.525E-04 0.9940
9.500E-01 7.327E+03 9.801E+00 7.337E+03 1.602E-04 1.592E-04 0.9942
1.000E+00 7.157E+03 9.374E+00 7.167E+03 1.671E-04 1.661E-04 0.9944
1.250E+00 6.345E+03 7.719E+00 6.352E+03 2.041E-04 2.032E-04 0.9954
1.500E+00 5.647E+03 6.582E+00 5.654E+03 2.459E-04 2.450E-04 0.9962
1.750E+00 5.068E+03 5.750E+00 5.074E+03 2.926E-04 2.917E-04 0.9968
2.000E+00 4.588E+03 5.113E+00 4.593E+03 3.445E-04 3.435E-04 0.9972
2.250E+00 4.188E+03 4.609E+00 4.193E+03 4.015E-04 4.005E-04 0.9976
2.500E+00 3.860E+03 4.199E+00 3.865E+03 4.637E-04 4.627E-04 0.9979
2.750E+00 3.585E+03 3.859E+00 3.589E+03 5.309E-04 5.299E-04 0.9982
3.000E+00 3.351E+03 3.573E+00 3.354E+03 6.030E-04 6.020E-04 0.9984
3.500E+00 2.971E+03 3.115E+00 2.974E+03 7.616E-04 7.606E-04 0.9987
4.000E+00 2.675E+03 2.766E+00 2.678E+03 9.391E-04 9.381E-04 0.9989
4.500E+00 2.438E+03 2.490E+00 2.440E+03 1.135E-03 1.134E-03 0.9991
5.000E+00 2.242E+03 2.266E+00 2.244E+03 1.349E-03 1.348E-03 0.9992
5.500E+00 2.078E+03 2.080E+00 2.080E+03 1.580E-03 1.579E-03 0.9993
6.000E+00 1.939E+03 1.924E+00 1.941E+03 1.829E-03 1.828E-03 0.9994
6.500E+00 1.818E+03 1.790E+00 1.820E+03 2.096E-03 2.094E-03 0.9995
7.000E+00 1.713E+03 1.674E+00 1.715E+03 2.379E-03 2.378E-03 0.9995
7.500E+00 1.620E+03 1.573E+00 1.622E+03 2.679E-03 2.678E-03 0.9996
8.000E+00 1.538E+03 1.484E+00 1.539E+03 2.995E-03 2.994E-03 0.9996
8.500E+00 1.464E+03 1.405E+00 1.466E+03 3.328E-03 3.327E-03 0.9996
9.000E+00 1.398E+03 1.334E+00 1.399E+03 3.678E-03 3.676E-03 0.9997
9.500E+00 1.337E+03 1.270E+00 1.339E+03 4.043E-03 4.042E-03 0.9997
1.000E+01 1.283E+03 1.213E+00 1.284E+03 4.424E-03 4.423E-03 0.9997
1.250E+01 1.068E+03 9.895E-01 1.069E+03 6.568E-03 6.567E-03 0.9998
1.500E+01 9.191E+02 8.373E-01 9.200E+02 9.097E-03 9.095E-03 0.9998
1.750E+01 8.089E+02 7.267E-01 8.096E+02 1.200E-02 1.200E-02 0.9999
2.000E+01 7.238E+02 6.425E-01 7.245E+02 1.527E-02 1.527E-02 0.9999
2.500E+01 6.007E+02 5.225E-01 6.013E+02 2.288E-02 2.288E-02 0.9999
2.750E+01 5.546E+02 4.781E-01 5.551E+02 2.721E-02 2.721E-02 0.9999
3.000E+01 5.156E+02 4.407E-01 5.160E+02 3.189E-02 3.189E-02 0.9999
3.500E+01 4.529E+02 3.814E-01 4.533E+02 4.225E-02 4.225E-02 0.9999
4.000E+01 4.047E+02 3.364E-01 4.051E+02 5.394E-02 5.394E-02 0.9999
4.500E+01 3.665E+02 3.011E-01 3.668E+02 6.693E-02 6.693E-02 0.9999
5.000E+01 3.353E+02 2.725E-01 3.356E+02 8.120E-02 8.119E-02 0.9999
5.500E+01 3.094E+02 2.489E-01 3.096E+02 9.672E-02 9.672E-02 0.9999
6.000E+01 2.875E+02 2.290E-01 2.877E+02 1.135E-01 1.135E-01 0.9999
6.500E+01 2.687E+02 2.121E-01 2.689E+02 1.315E-01 1.315E-01 0.9999
7.000E+01 2.524E+02 1.975E-01 2.526E+02 1.507E-01 1.507E-01 0.9999
7.500E+01 2.382E+02 1.848E-01 2.384E+02 1.710E-01 1.710E-01 0.9999
8.000E+01 2.256E+02 1.737E-01 2.258E+02 1.926E-01 1.926E-01 0.9999
8.500E+01 2.144E+02 1.639E-01 2.145E+02 2.153E-01 2.153E-01 0.9999
9.000E+01 2.043E+02 1.551E-01 2.045E+02 2.392E-01 2.392E-01 0.9999
9.500E+01 1.952E+02 1.472E-01 1.954E+02 2.642E-01 2.642E-01 0.9999
1.000E+02 1.870E+02 1.401E-01 1.871E+02 2.904E-01 2.904E-01 0.9999
1.250E+02 1.552E+02 1.129E-01 1.553E+02 4.378E-01 4.378E-01 0.9999
1.500E+02 1.334E+02 9.448E-02 1.335E+02 6.120E-01 6.120E-01 0.9999
1.750E+02 1.174E+02 8.119E-02 1.175E+02 8.121E-01 8.121E-01 0.9999
2.000E+02 1.053E+02 7.121E-02 1.053E+02 1.037E+00 1.037E+00 0.9999
2.250E+02 9.568E+01 6.344E-02 9.574E+01 1.287E+00 1.286E+00 1.0000
2.500E+02 8.790E+01 5.720E-02 8.795E+01 1.559E+00 1.559E+00 1.0000
2.750E+02 8.146E+01 5.205E-02 8.151E+01 1.855E+00 1.855E+00 1.0000
3.000E+02 7.604E+01 4.772E-02 7.609E+01 2.172E+00 2.172E+00 1.0000
3.500E+02 6.741E+01 4.094E-02 6.746E+01 2.872E+00 2.872E+00 1.0000
4.000E+02 6.085E+01 3.587E-02 6.089E+01 3.654E+00 3.653E+00 1.0000
4.500E+02 5.568E+01 3.192E-02 5.572E+01 4.513E+00 4.513E+00 1.0000
5.000E+02 5.151E+01 2.874E-02 5.154E+01 5.447E+00 5.447E+00 1.0000
5.500E+02 4.807E+01 2.614E-02 4.809E+01 6.452E+00 6.452E+00 1.0000
6.000E+02 4.517E+01 2.398E-02 4.520E+01 7.526E+00 7.525E+00 1.0000
6.500E+02 4.271E+01 2.214E-02 4.274E+01 8.664E+00 8.664E+00 1.0000
7.000E+02 4.059E+01 2.057E-02 4.061E+01 9.865E+00 9.864E+00 1.0000
7.500E+02 3.875E+01 1.920E-02 3.877E+01 1.113E+01 1.112E+01 1.0000
8.000E+02 3.713E+01 1.801E-02 3.714E+01 1.244E+01 1.244E+01 1.0000
8.500E+02 3.569E+01 1.695E-02 3.571E+01 1.382E+01 1.382E+01 1.0000
9.000E+02 3.441E+01 1.601E-02 3.443E+01 1.524E+01 1.524E+01 1.0000
9.500E+02 3.327E+01 1.517E-02 3.328E+01 1.672E+01 1.672E+01 1.0000
1.000E+03 3.223E+01 1.441E-02 3.225E+01 1.825E+01 1.825E+01 1.0000
