#ASTAR: Stopping Powers and Range Tables for Alpha Particles
#
#OXYGEN
#
#Kinetic   Electron. Nuclear   Total     CSDA      Projected Detour
#Energy    Stp. Pow. Stp. Pow. Stp. Pow. Range     Range     Factor
#MeV       MeV cm2/g MeV cm2/g MeV cm2/g g/cm2     g/cm2
#
1.000E-03 1.058E+02 1.243E+02 2.301E+02 5.405E-06 2.001E-06 0.3702
1.500E-03 1.283E+02 1.173E+02 2.456E+02 7.497E-06 2.967E-06 0.3957
2.000E-03 1.471E+02 1.105E+02 2.576E+02 9.484E-06 3.957E-06 0.4172
2.500E-03 1.636E+02 1.045E+02 2.681E+02 1.139E-05 4.961E-06 0.4357
3.000E-03 1.784E+02 9.912E+01 2.775E+02 1.322E-05 5.976E-06 0.4521
4.000E-03 2.046E+02 9.012E+01 2.947E+02 1.671E-05 8.020E-06 0.4799
5.000E-03 2.275E+02 8.286E+01 3.104E+02 2.002E-05 1.007E-05 0.5031
6.000E-03 2.481E+02 7.687E+01 3.250E+02 2.317E-05 1.211E-05 0.5230
7.000E-03 2.670E+02 7.183E+01 3.388E+02 2.618E-05 1.415E-05 0.5404
8.000E-03 2.845E+02 6.751E+01 3.520E+02 2.907E-05 1.616E-05 0.5558
9.000E-03 3.009E+02 6.376E+01 3.647E+02 3.186E-05 1.815E-05 0.5697
1.000E-02 3.163E+02 6.047E+01 3.768E+02 3.456E-05 2.012E-05 0.5822
1.250E-02 3.518E+02 5.375E+01 4.055E+02 4.095E-05 2.494E-05 0.6091
1.500E-02 3.836E+02 4.855E+01 4.321E+02 4.692E-05 2.962E-05 0.6312
1.750E-02 4.127E+02 4.439E+01 4.571E+02 5.254E-05 3.415E-05 0.6498
2.000E-02 4.398E+02 4.096E+01 4.807E+02 5.788E-05 3.854E-05 0.6659
2.250E-02 4.650E+02 3.809E+01 5.031E+02 6.296E-05 4.280E-05 0.6799
2.500E-02 4.889E+02 3.565E+01 5.245E+02 6.782E-05 4.695E-05 0.6922
2.750E-02 5.115E+02 3.353E+01 5.450E+02 7.250E-05 5.098E-05 0.7032
3.000E-02 5.330E+02 3.168E+01 5.647E+02 7.700E-05 5.492E-05 0.7132
3.500E-02 5.733E+02 2.859E+01 6.019E+02 8.558E-05 6.250E-05 0.7304
4.000E-02 6.106E+02 2.611E+01 6.367E+02 9.365E-05 6.976E-05 0.7449
4.500E-02 6.455E+02 2.407E+01 6.696E+02 1.013E-04 7.671E-05 0.7573
5.000E-02 6.783E+02 2.235E+01 7.007E+02 1.086E-04 8.341E-05 0.7680
5.500E-02 7.094E+02 2.089E+01 7.303E+02 1.156E-04 8.987E-05 0.7775
6.000E-02 7.389E+02 1.962E+01 7.586E+02 1.223E-04 9.613E-05 0.7860
6.500E-02 7.671E+02 1.852E+01 7.857E+02 1.288E-04 1.022E-04 0.7935
7.000E-02 7.941E+02 1.754E+01 8.117E+02 1.350E-04 1.081E-04 0.8004
7.500E-02 8.200E+02 1.667E+01 8.367E+02 1.411E-04 1.138E-04 0.8066
8.000E-02 8.450E+02 1.589E+01 8.609E+02 1.470E-04 1.194E-04 0.8123
8.500E-02 8.690E+02 1.519E+01 8.842E+02 1.527E-04 1.249E-04 0.8175
9.000E-02 8.923E+02 1.456E+01 9.068E+02 1.583E-04 1.302E-04 0.8224
9.500E-02 9.147E+02 1.397E+01 9.287E+02 1.638E-04 1.354E-04 0.8269
1.000E-01 9.365E+02 1.344E+01 9.500E+02 1.691E-04 1.405E-04 0.8310
1.250E-01 1.036E+03 1.134E+01 1.048E+03 1.941E-04 1.647E-04 0.8483
1.500E-01 1.124E+03 9.840E+00 1.134E+03 2.170E-04 1.869E-04 0.8613
1.750E-01 1.202E+03 8.719E+00 1.211E+03 2.383E-04 2.078E-04 0.8717
2.000E-01 1.272E+03 7.845E+00 1.280E+03 2.584E-04 2.274E-04 0.8801
2.250E-01 1.335E+03 7.142E+00 1.342E+03 2.775E-04 2.462E-04 0.8871
2.500E-01 1.392E+03 6.563E+00 1.399E+03 2.957E-04 2.641E-04 0.8931
2.750E-01 1.444E+03 6.078E+00 1.450E+03 3.133E-04 2.814E-04 0.8984
3.000E-01 1.491E+03 5.664E+00 1.497E+03 3.302E-04 2.982E-04 0.9030
3.500E-01 1.573E+03 4.996E+00 1.578E+03 3.627E-04 3.303E-04 0.9107
4.000E-01 1.639E+03 4.478E+00 1.644E+03 3.938E-04 3.611E-04 0.9170
4.500E-01 1.693E+03 4.064E+00 1.697E+03 4.237E-04 3.908E-04 0.9223
5.000E-01 1.735E+03 3.725E+00 1.739E+03 4.528E-04 4.197E-04 0.9269
5.500E-01 1.768E+03 3.441E+00 1.771E+03 4.812E-04 4.480E-04 0.9309
6.000E-01 1.792E+03 3.201E+00 1.795E+03 5.093E-04 4.758E-04 0.9344
6.500E-01 1.808E+03 2.994E+00 1.811E+03 5.370E-04 5.034E-04 0.9375
7.000E-01 1.818E+03 2.813E+00 1.820E+03 5.645E-04 5.308E-04 0.9403
7.500E-01 1.821E+03 2.655E+00 1.824E+03 5.920E-04 5.581E-04 0.9429
8.000E-01 1.820E+03 2.515E+00 1.822E+03 6.194E-04 5.855E-04 0.9452
8.500E-01 1.814E+03 2.389E+00 1.817E+03 6.468E-04 6.128E-04 0.9474
9.000E-01 1.805E+03 2.277E+00 1.807E+03 6.744E-04 6.403E-04 0.9494
9.500E-01 1.792E+03 2.175E+00 1.794E+03 7.022E-04 6.680E-04 0.9513
1.000E+00 1.777E+03 2.082E+00 1.779E+03 7.302E-04 6.959E-04 0.9530
1.250E+00 1.667E+03 1.722E+00 1.669E+03 8.750E-04 8.403E-04 0.9604
1.500E+00 1.544E+03 1.474E+00 1.545E+03 1.031E-03 9.957E-04 0.9660
1.750E+00 1.430E+03 1.291E+00 1.431E+03 1.199E-03 1.164E-03 0.9705
2.000E+00 1.329E+03 1.151E+00 1.330E+03 1.380E-03 1.345E-03 0.9742
2.250E+00 1.241E+03 1.039E+00 1.242E+03 1.575E-03 1.539E-03 0.9772
2.500E+00 1.164E+03 9.484E-01 1.165E+03 1.783E-03 1.747E-03 0.9797
2.750E+00 1.097E+03 8.731E-01 1.098E+03 2.004E-03 1.968E-03 0.9818
3.000E+00 1.038E+03 8.094E-01 1.039E+03 2.238E-03 2.201E-03 0.9836
3.500E+00 9.395E+02 7.076E-01 9.402E+02 2.745E-03 2.708E-03 0.9864
4.000E+00 8.602E+02 6.295E-01 8.609E+02 3.301E-03 3.263E-03 0.9885
4.500E+00 7.947E+02 5.677E-01 7.952E+02 3.906E-03 3.868E-03 0.9901
5.000E+00 7.395E+02 5.175E-01 7.401E+02 4.558E-03 4.519E-03 0.9914
5.500E+00 6.924E+02 4.759E-01 6.929E+02 5.257E-03 5.217E-03 0.9924
6.000E+00 6.519E+02 4.407E-01 6.523E+02 6.001E-03 5.961E-03 0.9932
6.500E+00 6.161E+02 4.106E-01 6.165E+02 6.790E-03 6.749E-03 0.9939
7.000E+00 5.845E+02 3.845E-01 5.849E+02 7.623E-03 7.581E-03 0.9945
7.500E+00 5.564E+02 3.617E-01 5.568E+02 8.500E-03 8.457E-03 0.9950
8.000E+00 5.313E+02 3.416E-01 5.317E+02 9.419E-03 9.375E-03 0.9954
8.500E+00 5.086E+02 3.237E-01 5.089E+02 1.038E-02 1.034E-02 0.9957
9.000E+00 4.880E+02 3.076E-01 4.883E+02 1.138E-02 1.134E-02 0.9960
9.500E+00 4.692E+02 2.932E-01 4.695E+02 1.243E-02 1.238E-02 0.9963
1.000E+01 4.520E+02 2.801E-01 4.523E+02 1.351E-02 1.347E-02 0.9965
1.250E+01 3.834E+02 2.295E-01 3.837E+02 1.954E-02 1.949E-02 0.9974
1.500E+01 3.345E+02 1.948E-01 3.347E+02 2.653E-02 2.648E-02 0.9979
1.750E+01 2.977E+02 1.696E-01 2.978E+02 3.447E-02 3.441E-02 0.9982
2.000E+01 2.688E+02 1.503E-01 2.690E+02 4.331E-02 4.325E-02 0.9984
2.500E+01 2.263E+02 1.228E-01 2.265E+02 6.366E-02 6.358E-02 0.9987
2.750E+01 2.101E+02 1.126E-01 2.102E+02 7.512E-02 7.503E-02 0.9988
3.000E+01 1.963E+02 1.041E-01 1.964E+02 8.743E-02 8.734E-02 0.9989
3.500E+01 1.739E+02 9.039E-02 1.739E+02 1.145E-01 1.144E-01 0.9990
4.000E+01 1.564E+02 7.997E-02 1.565E+02 1.449E-01 1.448E-01 0.9991
4.500E+01 1.424E+02 7.177E-02 1.425E+02 1.784E-01 1.783E-01 0.9992
5.000E+01 1.309E+02 6.512E-02 1.310E+02 2.151E-01 2.149E-01 0.9992
5.500E+01 1.213E+02 5.963E-02 1.214E+02 2.547E-01 2.545E-01 0.9992
6.000E+01 1.131E+02 5.502E-02 1.132E+02 2.974E-01 2.972E-01 0.9993
6.500E+01 1.061E+02 5.107E-02 1.062E+02 3.431E-01 3.428E-01 0.9993
7.000E+01 9.997E+01 4.766E-02 1.000E+02 3.916E-01 3.913E-01 0.9993
7.500E+01 9.457E+01 4.468E-02 9.462E+01 4.430E-01 4.427E-01 0.9993
8.000E+01 8.979E+01 4.206E-02 8.983E+01 4.973E-01 4.970E-01 0.9993
8.500E+01 8.551E+01 3.974E-02 8.555E+01 5.543E-01 5.540E-01 0.9994
9.000E+01 8.166E+01 3.766E-02 8.170E+01 6.142E-01 6.138E-01 0.9994
9.500E+01 7.818E+01 3.580E-02 7.822E+01 6.767E-01 6.763E-01 0.9994
1.000E+02 7.502E+01 3.412E-02 7.505E+01 7.420E-01 7.416E-01 0.9994
1.250E+02 6.270E+01 2.764E-02 6.273E+01 1.108E+00 1.107E+00 0.9994
1.500E+02 5.418E+01 2.324E-02 5.420E+01 1.538E+00 1.537E+00 0.9994
1.750E+02 4.792E+01 2.004E-02 4.794E+01 2.030E+00 2.029E+00 0.9995
2.000E+02 4.311E+01 1.763E-02 4.313E+01 2.580E+00 2.579E+00 0.9995
2.250E+02 3.930E+01 1.574E-02 3.932E+01 3.188E+00 3.187E+00 0.9995
2.500E+02 3.620E+01 1.422E-02 3.621E+01 3.852E+00 3.850E+00 0.9995
2.750E+02 3.363E+01 1.297E-02 3.364E+01 4.568E+00 4.566E+00 0.9995
3.000E+02 3.145E+01 1.192E-02 3.146E+01 5.337E+00 5.335E+00 0.9995
3.500E+02 2.798E+01 1.026E-02 2.799E+01 7.026E+00 7.023E+00 0.9995
4.000E+02 2.533E+01 9.005E-03 2.534E+01 8.907E+00 8.903E+00 0.9995
4.500E+02 2.323E+01 8.020E-03 2.324E+01 1.097E+01 1.096E+01 0.9996
5.000E+02 2.154E+01 7.231E-03 2.155E+01 1.321E+01 1.320E+01 0.9996
5.500E+02 2.013E+01 6.585E-03 2.014E+01 1.561E+01 1.560E+01 0.9996
6.000E+02 1.895E+01 6.047E-03 1.896E+01 1.817E+01 1.816E+01 0.9996
6.500E+02 1.795E+01 5.589E-03 1.795E+01 2.088E+01 2.087E+01 0.9996
7.000E+02 1.708E+01 5.193E-03 1.709E+01 2.374E+01 2.373E+01 0.9996
7.500E+02 1.632E+01 4.848E-03 1.633E+01 2.673E+01 2.672E+01 0.9996
8.000E+02 1.566E+01 4.546E-03 1.566E+01 2.986E+01 2.985E+01 0.9996
8.500E+02 1.507E+01 4.279E-03 1.507E+01 3.311E+01 3.310E+01 0.9996
9.000E+02 1.454E+01 4.043E-03 1.455E+01 3.649E+01 3.648E+01 0.9996
9.500E+02 1.407E+01 3.833E-03 1.407E+01 3.999E+01 3.997E+01 0.9996
1.000E+03 1.365E+01 3.644E-03 1.365E+01 4.360E+01 4.358E+01 0.9996
